date,open,high,low,close,volume,amount,factor
2001-01-16,1.96,2.19,1.9,2.07,285602,540671.0,1.0
2001-01-17,2.04,2.1,2.02,2.05,66645,125643.0,1.0
2001-01-18,2.03,2.16,2.02,2.1,38371,74031.0,1.0
2001-01-19,2.11,2.18,2.1,2.11,29101,56771.0,1.0
2001-02-05,2.11,2.12,1.99,2.0,24758,46107.0,1.0
2001-02-06,1.97,2.02,1.92,1.97,18959,34497.0,1.0
2001-02-07,1.98,2.03,1.96,2.01,7598,14028.0,1.0
2001-02-08,2.01,2.11,2.01,2.03,16509,31230.0,1.0
2001-02-09,2.05,2.1,2.04,2.07,15301,29004.0,1.0
2001-02-12,2.09,2.1,2.03,2.08,5801,11000.0,1.0
2001-02-13,2.08,2.11,2.06,2.1,7161,13700.0,1.0
2001-02-14,2.1,2.12,2.08,2.12,7082,13652.0,1.0
2001-02-15,2.12,2.13,2.06,2.07,8159,15645.0,1.0
2001-02-16,2.07,2.18,2.01,2.17,12319,23778.0,1.0
2001-02-19,2.18,2.23,2.15,2.21,23777,47545.0,1.0
2001-02-20,2.21,2.23,2.15,2.15,12537,24985.0,1.0
2001-02-21,2.14,2.24,2.13,2.22,14717,29240.0,1.0
2001-02-22,2.22,2.27,2.21,2.23,10920,22081.0,1.0
2001-02-23,2.21,2.25,2.2,2.24,11431,23023.0,1.0
2001-02-26,2.24,2.34,2.24,2.3,16417,34082.0,1.0
2001-02-27,2.31,2.34,2.27,2.33,7835,16266.0,1.0
2001-02-28,2.33,2.37,2.3,2.36,11823,24849.0,1.0
2001-03-01,2.35,2.45,2.34,2.43,13503,29006.0,1.0
2001-03-02,2.43,2.46,2.38,2.43,12021,25898.0,1.0
2001-03-05,2.42,2.6,2.41,2.53,16369,36592.0,1.0
2001-03-06,2.53,2.62,2.49,2.56,18546,41868.0,1.0
2001-03-07,2.55,2.61,2.52,2.56,8115,18285.0,1.0
2001-03-08,2.57,2.59,2.53,2.54,7739,17377.0,1.0
2001-03-09,2.53,2.58,2.46,2.55,15393,34172.0,1.0
2001-03-12,2.56,2.57,2.49,2.54,5846,13088.0,1.0
2001-03-13,2.52,2.6,2.49,2.6,6008,13575.0,1.0
2001-03-14,2.6,2.73,2.6,2.68,14401,33920.0,1.0
2001-03-15,2.7,2.71,2.66,2.7,6153,14482.0,1.0
2001-03-16,2.63,2.69,2.56,2.59,17115,39267.0,1.0
2001-03-19,2.56,2.64,2.51,2.55,9781,22179.0,1.0
2001-03-20,2.52,2.62,2.51,2.6,7311,16508.0,1.0
2001-03-21,2.61,2.62,2.58,2.6,4857,11114.0,1.0
2001-03-22,2.59,2.63,2.56,2.59,5547,12664.0,1.0
2001-03-23,2.59,2.68,2.58,2.61,5817,13450.0,1.0
2001-03-26,2.64,2.8,2.63,2.77,16655,39928.0,1.0
2001-03-27,2.78,2.85,2.78,2.8,9082,22205.0,1.0
2001-03-28,2.8,2.83,2.74,2.74,5476,13181.0,1.0
2001-03-29,2.75,2.89,2.73,2.89,7380,18056.0,1.0
2001-03-30,2.89,3.01,2.88,2.89,13346,33679.0,1.0
2001-04-02,2.9,2.95,2.85,2.89,8938,22466.0,1.0
2001-04-03,2.89,2.93,2.84,2.84,6821,16919.0,1.0
2001-04-04,2.82,2.87,2.76,2.77,5723,14019.0,1.0
2001-04-05,2.75,2.89,2.74,2.89,5969,14552.0,1.0
2001-04-06,2.89,2.92,2.78,2.81,5132,12666.0,1.0
2001-04-09,2.8,2.81,2.72,2.75,7776,18669.0,1.0
2001-04-10,2.75,2.89,2.75,2.89,5387,13227.0,1.0
2001-04-11,2.88,2.9,2.85,2.86,3286,8168.0,1.0
2001-04-12,2.91,2.91,2.8,2.82,4388,10792.0,1.0
2001-04-13,2.89,2.89,2.78,2.83,4012,9828.0,1.0
2001-04-16,2.88,2.97,2.79,2.87,16524,41305.0,1.0
2001-04-17,2.87,2.87,2.76,2.83,15916,38753.0,1.0
2001-04-18,2.82,2.82,2.73,2.74,16302,39194.0,1.0
2001-04-19,2.78,2.82,2.67,2.81,14233,33676.0,1.0
2001-04-20,2.79,2.81,2.71,2.71,8518,20374.0,1.0
2001-04-23,2.68,2.68,2.59,2.64,13251,30503.0,1.0
2001-04-24,2.62,2.75,2.62,2.7,5649,13328.0,1.0
2001-04-25,2.64,2.75,2.64,2.71,5831,13821.0,1.0
2001-04-26,2.71,2.74,2.66,2.69,3515,8288.0,1.0
2001-04-27,2.65,2.75,2.65,2.73,3354,7982.0,1.0
2001-04-30,2.75,2.82,2.71,2.82,6741,16301.0,1.0
2001-05-08,2.81,2.85,2.79,2.84,3940,9688.948,1.0
2001-05-09,2.84,2.86,2.8,2.8,3229,7904.0,1.0
2001-05-10,2.75,2.87,2.75,2.82,3333,8194.0,1.0
2001-05-11,2.82,2.85,2.78,2.82,3039,7450.0,1.0
2001-05-14,2.79,2.86,2.79,2.85,3368,8314.0,1.0
2001-05-15,2.85,2.86,2.79,2.82,4884,12055.0,1.0
2001-05-16,2.82,2.88,2.79,2.87,6066,14861.0,1.0
2001-05-17,2.88,2.88,2.82,2.87,5238,12938.0,1.0
2001-05-18,2.86,2.86,2.81,2.84,4451,10964.0,1.0
2001-05-21,2.82,3.04,2.82,3.04,10568,26909.0,1.0
2001-05-22,3.04,3.18,3.0,3.14,13671,36181.0,1.0
2001-05-23,3.16,3.27,3.07,3.13,15202,41241.0,1.0
2001-05-24,3.14,3.22,3.12,3.14,6031,16275.0,1.0
2001-05-25,3.14,3.19,3.03,3.05,3841,10183.0,1.0
2001-05-29,3.1,3.1,2.95,2.95,3249,8431.0,1.0
2001-05-30,2.95,3.09,2.95,3.0,4607,11943.0,1.0
2001-05-31,3.02,3.13,3.02,3.03,4804,12649.0,1.0
2001-06-01,3.06,3.12,3.01,3.12,4337,11417.0,1.0
2001-06-04,3.12,3.16,3.07,3.1,2971,7929.0,1.0
2001-06-05,3.08,3.17,3.08,3.15,3373,9057.0,1.0
2001-06-06,3.15,3.18,2.93,3.08,6000,15804.0,1.0
2001-06-07,3.05,3.06,2.98,3.0,3470,8970.0,1.0
2001-06-08,2.97,3.0,2.89,2.92,6591,16662.0,1.0
2001-06-11,2.9,3.0,2.9,2.93,2152,5454.0,1.0
2001-06-12,2.93,3.0,2.93,2.98,3875,9932.0,1.0
2001-06-13,2.98,3.08,2.97,3.06,4221,11072.0,1.0
2001-06-14,3.09,3.11,2.96,2.96,2963,7723.0,1.0
2001-06-15,2.94,3.01,2.94,2.98,2421,6228.0,1.0
2001-06-18,2.99,3.03,2.89,2.91,3053,7786.0,1.0
2001-06-19,2.92,2.97,2.91,2.97,4463,11292.0,1.0
2001-06-20,2.96,3.01,2.89,2.93,5090,13006.0,1.0
2001-06-21,2.92,3.07,2.91,3.02,3695,9462.0,1.0
2001-06-22,3.05,3.05,2.93,2.97,5528,14106.0,1.0
2001-06-25,2.97,3.01,2.93,3.01,5608,14303.0,1.0
2001-06-26,2.99,3.0,2.93,2.96,3783,9631.0,1.0
2001-06-27,2.94,2.96,2.93,2.95,2093,5312.0,1.0
2001-06-28,2.95,3.11,2.92,2.99,6463,16666.0,1.0
2001-06-29,2.99,2.99,2.95,2.98,3116,7957.0,1.0
2001-07-02,3.0,3.01,2.94,2.95,3033,7739.0,1.0
2001-07-03,2.98,2.99,2.95,2.95,3240,8247.0,1.0
2001-07-04,2.95,2.98,2.92,2.97,3253,8268.0,1.0
2001-07-05,2.96,2.97,2.9,2.9,3304,8309.0,1.0
2001-07-06,2.89,3.0,2.89,2.9,2552,6454.0,1.0
2001-07-09,2.91,2.91,2.79,2.83,6738,16458.0,1.0
2001-07-10,2.9,2.9,2.79,2.82,5941,14471.0,1.0
2001-07-11,2.89,2.89,2.79,2.81,4848,11822.0,1.0
2001-07-12,2.83,2.83,2.8,2.83,4393,10714.0,1.0
2001-07-13,2.86,2.87,2.73,2.8,3171,7715.254,1.0
2001-07-16,2.77,2.77,2.6,2.62,5931,13803.0,1.0
2001-07-17,2.6,2.6,2.52,2.58,2314,5212.0,1.0
2001-07-18,2.6,2.71,2.56,2.7,2925,6778.0,1.0
2001-07-19,2.69,2.73,2.64,2.68,658,1545.523,1.0
2001-07-20,2.68,2.74,2.65,2.69,1636,3859.0,1.0
2001-07-23,2.69,2.69,2.6,2.63,1712,3946.0,1.0
2001-07-24,2.61,2.67,2.59,2.65,1033,2368.0,1.0
2001-07-25,2.49,2.65,2.49,2.62,817,1863.0,1.0
2001-07-26,2.59,2.66,2.52,2.58,1411,3205.0,1.0
2001-07-27,2.54,2.62,2.54,2.58,786,1783.0,1.0
2001-07-30,2.58,2.58,2.38,2.39,3079,6778.0,1.0
2001-07-31,2.35,2.49,2.34,2.38,2511,5378.0,1.0
2001-08-01,2.39,2.49,2.39,2.49,1971,4305.0,1.0
2001-08-02,2.49,2.53,2.42,2.48,3641,7934.0,1.0
2001-08-03,2.48,2.53,2.44,2.47,5617,12344.0,1.0
2001-08-06,2.47,2.52,2.36,2.52,7349,15914.0,1.0
2001-08-07,2.53,2.53,2.43,2.45,6758,14800.0,1.0
2001-08-08,2.47,2.54,2.38,2.48,6259,13771.0,1.0
2001-08-09,2.47,2.58,2.47,2.54,3426,7691.0,1.0
2001-08-10,2.48,2.6,2.48,2.56,3573,8001.0,1.0
2001-08-13,2.56,2.64,2.49,2.62,6943,15737.0,1.0
2001-08-14,2.6,2.74,2.6,2.68,8203,19235.0,1.0
2001-08-15,2.69,2.7,2.62,2.66,3800,8842.0,1.0
2001-08-16,2.64,2.69,2.64,2.68,4565,10646.0,1.0
2001-08-17,2.68,2.74,2.68,2.74,6020,14259.0,1.0
2001-08-20,2.74,2.77,2.62,2.68,10355,24483.0,1.0
2001-08-21,2.69,2.75,2.62,2.69,5828,13616.0,1.0
2001-08-22,2.68,2.69,2.61,2.64,3049,7043.0,1.0
2001-08-23,2.6,2.67,2.55,2.62,6346,14505.0,1.0
2001-08-24,2.58,2.65,2.56,2.56,2270,5203.0,1.0
2001-08-27,2.53,2.53,2.45,2.49,3267,7175.0,1.0
2001-08-28,2.43,2.53,2.43,2.49,1399,3066.0,1.0
2001-08-29,2.51,2.51,2.46,2.5,1075,2362.0,1.0
2001-08-30,2.46,2.5,2.42,2.48,962,2114.0,1.0
2001-08-31,2.47,2.53,2.47,2.5,922,2040.0,1.0
2001-09-03,2.46,2.51,2.45,2.51,1394,3064.0,1.0
2001-09-04,2.51,2.55,2.49,2.53,6167,13756.0,1.0
2001-09-05,2.54,2.61,2.54,2.58,8153,18457.0,1.0
2001-09-06,2.61,2.61,2.55,2.57,804,1820.0,1.0
2001-09-07,2.54,2.56,2.43,2.5,1311,2902.0,1.0
2001-09-10,2.44,2.6,2.42,2.53,2464,5519.0,1.0
2001-09-11,2.53,2.56,2.48,2.51,2352,5231.0,1.0
2001-09-12,2.46,2.49,2.39,2.49,1585,3442.0,1.0
2001-09-13,2.44,2.49,2.42,2.42,1469,3198.0,1.0
2001-09-14,2.42,2.44,2.35,2.41,1888,4040.0,1.0
2001-09-17,2.35,2.37,2.27,2.28,3797,7848.0,1.0
2001-09-18,2.28,2.35,2.21,2.23,4767,9639.0,1.0
2001-09-19,2.22,2.28,2.22,2.26,1537,3100.0,1.0
2001-09-21,2.25,2.25,2.21,2.23,1427,2866.0,1.0
2001-09-24,2.23,2.23,2.21,2.22,2124,4250.0,1.0
2001-09-25,2.22,2.23,2.21,2.22,1254,2516.0,1.0
2001-09-26,2.21,2.22,2.19,2.21,1207,2406.0,1.0
2001-09-27,2.2,2.21,2.14,2.19,2052,4042.0,1.0
2001-09-28,2.19,2.32,2.16,2.25,1604,3191.0,1.0
2001-10-08,2.16,2.2,2.12,2.14,1808,3541.0,1.0
2001-10-09,2.13,2.15,2.12,2.14,1072,2085.0,1.0
2001-10-10,2.14,2.14,2.04,2.07,3140,6002.0,1.0
2001-10-11,2.05,2.06,1.97,1.97,1459,2686.0,1.0
2001-10-12,1.97,2.06,1.91,2.05,1747,3178.0,1.0
2001-10-15,2.01,2.04,1.97,1.98,1041,1919.0,1.0
2001-10-16,1.96,1.97,1.84,1.88,1470,2599.0,1.0
2001-10-17,1.87,1.87,1.84,1.85,1030,1790.0,1.0
2001-10-18,1.85,1.86,1.78,1.8,1251,2133.0,1.0
2001-10-19,1.79,1.79,1.67,1.67,2808,4574.0,1.0
2001-10-22,1.67,1.73,1.59,1.64,2290,3642.0,1.0
2001-10-23,1.86,1.86,1.82,1.86,3514,6128.0,1.0
2001-10-24,2.1,2.1,1.94,2.1,14075,26723.0,1.0
2001-10-25,2.1,2.11,2.03,2.04,10790,20509.0,1.0
2001-10-26,2.03,2.05,1.94,2.02,8625,15964.0,1.0
2001-10-29,2.01,2.08,2.01,2.07,11736,22012.0,1.0
2001-10-30,2.09,2.1,2.06,2.09,9165,17454.0,1.0
2001-10-31,2.08,2.09,1.93,2.07,7959,14508.0,1.0
2001-11-01,2.02,2.07,1.93,2.04,15081,27808.0,1.0
2001-11-02,2.02,2.12,1.94,1.96,22796,42240.0,1.0
2001-11-05,1.93,1.94,1.86,1.87,6293,11077.0,1.0
2001-11-06,1.86,1.87,1.81,1.83,5621,9698.0,1.0
2001-11-07,1.8,1.83,1.72,1.76,8336,14070.0,1.0
2001-11-08,1.75,1.93,1.72,1.92,10842,18587.0,1.0
2001-11-09,1.93,1.98,1.87,1.97,4272,7682.0,1.0
2001-11-12,2.0,2.0,1.93,1.96,1969,3570.0,1.0
2001-11-13,1.94,2.01,1.93,2.0,5938,10856.0,1.0
2001-11-14,2.02,2.04,2.0,2.02,4520,8426.0,1.0
2001-11-15,2.03,2.07,1.97,1.99,4441,8239.0,1.0
2001-11-16,2.13,2.15,2.01,2.08,10472,19833.0,1.0
2001-11-19,2.09,2.1,2.03,2.1,10472,19833.685,1.0
2001-11-20,2.13,2.13,2.08,2.13,5350,10185.967,1.0
2001-11-21,2.13,2.17,2.08,2.09,8642,16846.472,1.0
2001-11-22,2.1,2.11,2.07,2.1,2016,3855.0,1.0
2001-11-23,2.09,2.1,2.06,2.07,3014,5745.0,1.0
2001-11-26,2.08,2.08,2.03,2.05,2931,5518.0,1.0
2001-11-27,2.05,2.2,1.97,2.2,13749,26130.0,1.0
2001-11-28,2.19,2.25,2.16,2.22,4895,9779.0,1.0
2001-11-29,2.21,2.23,2.19,2.21,2218,4433.0,1.0
2001-11-30,2.23,2.23,2.19,2.23,2012,4023.0,1.0
2001-12-03,2.23,2.28,2.21,2.26,4137,8403.0,1.0
2001-12-04,2.28,2.28,2.22,2.26,1815,3672.0,1.0
2001-12-05,2.23,2.24,2.18,2.2,1883,3760.186,1.0
2001-12-06,2.21,2.21,2.17,2.18,1166,2309.011,1.0
2001-12-07,2.16,2.2,2.16,2.19,820,1624.088,1.0
2001-12-10,2.16,2.21,2.16,2.21,873,1728.645,1.0
2001-12-11,2.21,2.21,2.17,2.2,1013,2007.002,1.0
2001-12-12,2.2,2.2,2.16,2.17,451,890.441,1.0
2001-12-13,2.2,2.2,2.14,2.16,840,1646.524,1.0
2001-12-14,2.15,2.17,2.13,2.14,749,1460.383,1.0
2001-12-17,2.14,2.17,2.11,2.16,6351,12390.006,1.0
2001-12-18,2.16,2.17,2.09,2.14,5747,11115.072,1.0
2001-12-19,2.14,2.14,2.06,2.09,2669,5108.59,1.0
2001-12-20,2.08,2.08,1.96,1.97,4676,8640.797,1.0
2001-12-21,1.94,1.96,1.87,1.96,4911,8774.172,1.0
2001-12-24,1.96,1.98,1.94,1.96,2720,4950.565,1.0
2001-12-25,2.01,2.04,1.98,2.04,6228,11538.142,1.0
2001-12-26,2.04,2.11,2.04,2.1,2739,5203.49,1.0
2001-12-27,2.1,2.11,2.05,2.07,2916,5531.676,1.0
2001-12-28,2.08,2.09,2.02,2.03,3287,6213.312,1.0
2001-12-31,2.02,2.1,2.01,2.01,1065,2001.825,1.0
2002-01-04,2.01,2.07,2.0,2.01,429,798.458,1.0
2002-01-07,2.01,2.01,1.93,1.94,542,982.823,1.0
2002-01-08,1.95,1.97,1.92,1.93,596,1074.088,1.0
2002-01-09,1.93,2.05,1.88,1.89,705,1250.062,1.0
2002-01-10,1.88,1.94,1.84,1.94,1046,1824.24,1.0
2002-01-11,1.89,1.93,1.86,1.86,445,780.867,1.0
2002-01-14,1.86,1.86,1.73,1.76,807,1354.574,1.0
2002-01-15,1.76,1.8,1.73,1.76,1823,3028.444,1.0
2002-01-16,1.76,1.9,1.75,1.82,1333,2277.484,1.0
2002-01-17,1.8,1.83,1.78,1.8,1468,2497.786,1.0
2002-01-18,1.77,1.88,1.71,1.83,4774,8063.105,1.0
2002-01-21,1.82,1.82,1.76,1.79,2855,4817.074,1.0
2002-01-22,1.78,1.84,1.77,1.79,2380,4039.608,1.0
2002-01-23,1.8,2.02,1.77,2.02,3458,5955.749,1.0
2002-01-24,1.98,2.04,1.87,2.02,5704,10484.182,1.0
2002-01-25,1.97,2.0,1.96,1.97,2240,4102.257,1.0
2002-01-28,1.97,1.97,1.79,1.92,2752,4809.724,1.0
2002-01-29,2.01,2.07,1.94,2.01,1523,2812.056,1.0
2002-01-30,2.0,2.09,1.95,2.03,5767,10845.301,1.0
2002-01-31,2.06,2.21,2.03,2.16,10633,20483.543,1.0
2002-02-01,2.14,2.2,2.08,2.08,5970,11630.38,1.0
2002-02-04,2.11,2.23,2.08,2.23,8918,17490.505,1.0
2002-02-05,2.47,2.5,2.26,2.34,12477,26695.5,1.0
2002-02-06,2.34,2.56,2.34,2.48,28570,62378.602,1.0
2002-02-07,2.47,2.51,2.44,2.5,9814,21480.558,1.0
2002-02-08,2.52,2.6,2.47,2.5,12515,28100.194,1.0
2002-02-25,2.56,2.58,2.51,2.56,14029,31511.109,1.0
2002-02-26,2.54,2.61,2.44,2.61,12447,27592.974,1.0
2002-02-27,2.57,2.71,2.57,2.7,16979,39368.603,1.0
2002-02-28,2.73,2.73,2.62,2.66,4627,10803.33,1.0
2002-03-01,2.66,2.66,2.54,2.61,7274,16631.571,1.0
2002-03-04,2.57,2.66,2.56,2.62,4270,9790.716,1.0
2002-03-05,2.62,2.69,2.6,2.69,9689,22426.259,1.0
2002-03-06,2.69,2.69,2.56,2.64,18249,42192.549,1.0
2002-03-07,2.62,2.65,2.56,2.6,10337,23638.392,1.0
2002-03-08,2.6,2.68,2.59,2.66,14634,33818.582,1.0
2002-03-11,2.64,2.69,2.6,2.61,12721,29547.112,1.0
2002-03-13,2.6,2.6,2.53,2.56,8238,18545.539,1.0
2002-03-14,2.54,2.6,2.53,2.59,10087,22862.517,1.0
2002-03-15,2.56,2.66,2.56,2.62,11528,26529.54,1.0
2002-03-18,2.63,2.78,2.63,2.78,24608,58537.337,1.0
2002-03-19,2.73,2.9,2.73,2.76,29147,71238.944,1.0
2002-03-20,2.76,2.78,2.69,2.71,19985,47460.602,1.0
2002-03-21,2.69,2.71,2.63,2.69,13676,31842.066,1.0
2002-03-22,2.66,2.75,2.66,2.74,20953,49615.833,1.0
2002-03-25,2.71,3.01,2.71,2.94,51389,127884.479,1.0
2002-03-26,2.95,2.97,2.84,2.94,25121,62831.335,1.0
2002-03-27,2.9,3.0,2.87,2.96,36639,92535.851,1.0
2002-03-28,2.92,3.0,2.92,2.95,55371,78192.295,1.0
2002-03-29,2.93,2.93,2.7,2.92,35395,47616.349,1.0
2002-04-01,2.83,2.89,2.78,2.83,12242,16632.567,1.0
2002-04-02,2.81,2.89,2.71,2.79,16961,22702.412,1.0
2002-04-03,2.76,2.86,2.76,2.81,7635,10302.368,1.0
2002-04-04,2.83,2.86,2.73,2.85,14932,20091.214,1.0
2002-04-05,2.85,2.85,2.76,2.77,10771,14463.075,1.0
2002-04-08,2.77,2.79,2.72,2.74,7073,9323.791,1.0
2002-04-09,2.74,2.79,2.69,2.78,12205,16124.669,1.0
2002-04-10,2.71,3.09,2.71,3.0,57219,80638.121,1.0
2002-04-11,2.93,3.04,2.91,2.96,27654,39167.376,1.0
2002-04-12,2.94,3.0,2.93,2.97,12155,17113.009,1.0
2002-04-15,3.0,3.03,2.87,2.91,15562,21877.434,1.0
2002-04-16,2.89,2.93,2.84,2.9,10417,14316.396,1.0
2002-04-17,2.92,2.99,2.81,2.93,21276,29433.852,1.0
2002-04-18,2.94,2.99,2.84,2.88,12660,17665.844,1.0
2002-04-19,2.88,3.02,2.86,3.01,30150,42334.63,1.0
2002-04-22,3.01,3.06,2.96,3.04,24069,34658.401,1.0
2002-04-23,3.04,3.04,2.91,2.96,14336,20311.102,1.0
2002-04-24,2.96,2.96,2.88,2.92,12094,16744.921,1.0
2002-04-25,2.91,2.96,2.84,2.96,13693,19131.169,1.0
2002-04-26,2.92,3.05,2.92,3.0,24645,35079.636,1.0
2002-04-29,2.95,3.06,2.95,3.03,33552,47991.734,1.0
2002-04-30,3.03,3.08,3.0,3.04,15258,21987.459,1.0
2002-05-08,3.04,3.05,2.95,2.96,6630,9386.199,1.0
2002-05-09,2.94,3.03,2.94,2.97,8490,12079.129,1.0
2002-05-10,2.97,3.04,2.89,2.96,8639,12086.32,1.0
2002-05-13,2.89,2.95,2.84,2.94,7731,10681.954,1.0
2002-05-14,2.93,2.98,2.89,2.95,8085,11344.589,1.0
2002-05-15,2.9,2.99,2.88,2.89,3462,4809.035,1.0
2002-05-16,2.85,2.91,2.72,2.78,8523,11408.928,1.0
2002-05-17,2.77,2.87,2.76,2.81,6598,8859.221,1.0
2002-05-20,2.77,2.82,2.69,2.76,6111,8042.985,1.0
2002-05-21,2.84,2.88,2.77,2.87,13888,18839.289,1.0
2002-05-22,2.87,2.89,2.82,2.84,5980,8164.849,1.0
2002-05-23,2.81,2.88,2.81,2.85,2733,3725.468,1.0
2002-05-24,2.8,2.85,2.76,2.79,2314,3097.775,1.0
2002-05-27,2.79,2.82,2.76,2.81,2212,2961.174,1.0
2002-05-28,2.79,2.8,2.75,2.77,1521,2032.067,1.0
2002-05-29,2.77,2.8,2.69,2.73,3187,4173.593,1.0
2002-05-30,2.69,2.74,2.69,2.72,2816,3680.81,1.0
2002-05-31,2.72,2.74,2.69,2.74,2615,3417.542,1.0
2002-06-03,2.7,2.73,2.66,2.67,3550,4615.001,1.0
2002-06-04,2.66,2.7,2.58,2.62,4621,5898.734,1.0
2002-06-05,2.61,2.61,2.45,2.48,4987,6088.074,1.0
2002-06-06,2.45,2.62,2.44,2.57,6191,7605.378,1.0
2002-06-07,2.57,2.74,2.53,2.73,11571,14962.814,1.0
2002-06-10,2.72,2.78,2.69,2.72,3970,5235.586,1.0
2002-06-11,2.74,2.74,2.66,2.73,2146,2802.722,1.0
2002-06-12,2.69,2.73,2.66,2.72,1863,2420.716,1.0
2002-06-13,2.67,2.72,2.66,2.68,791,1022.81,1.0
2002-06-14,2.66,2.66,2.57,2.62,3682,4675.241,1.0
2002-06-17,2.52,2.62,2.52,2.61,1288,1628.79,1.0
2002-06-18,2.61,2.69,2.61,2.68,1885,2428.778,1.0
2002-06-19,2.64,2.66,2.59,2.62,994,1262.831,1.0
2002-06-20,2.62,2.69,2.57,2.64,2292,2954.178,1.0
2002-06-21,2.61,2.72,2.61,2.69,6591,8570.243,1.0
2002-06-24,3.01,3.01,2.88,3.01,27039,38356.329,1.0
2002-06-25,2.91,3.03,2.91,2.95,24845,35337.062,1.0
2002-06-26,2.93,2.95,2.82,2.84,9254,12654.903,1.0
2002-06-27,2.85,2.93,2.83,2.87,5540,7574.0,1.0
2002-07-01,2.9,2.91,2.82,2.84,7301,9994.796,1.0
2002-07-02,2.82,2.87,2.82,2.82,4689,6355.562,1.0
2002-07-03,2.82,2.85,2.74,2.77,5282,7032.432,1.0
2002-07-04,2.81,2.82,2.69,2.76,8601,11298.634,1.0
2002-07-05,2.75,2.77,2.7,2.76,7706,10191.699,1.0
2002-07-08,2.78,2.78,2.73,2.74,5424,7182.814,1.0
2002-07-09,2.77,2.77,2.72,2.76,2748,3621.73,1.0
2002-07-10,2.76,2.77,2.69,2.71,3039,3975.751,1.0
2002-07-11,2.69,2.72,2.67,2.7,3830,4980.296,1.0
2002-07-12,2.69,2.88,2.69,2.87,28295,38308.782,1.0
2002-07-15,2.88,2.96,2.83,2.85,21375,29649.964,1.0
2002-07-16,2.86,2.93,2.81,2.87,9070,12451.848,1.0
2002-07-17,2.86,2.89,2.77,2.82,8058,10896.596,1.0
2002-07-18,2.81,2.86,2.77,2.81,6429,8720.15,1.0
2002-07-19,2.78,2.85,2.77,2.85,5837,7883.824,1.0
2002-07-22,2.85,2.86,2.78,2.79,1735,2333.268,1.0
2002-07-23,2.77,2.82,2.71,2.81,2709,3590.142,1.0
2002-07-24,2.8,2.8,2.75,2.8,947,1264.062,1.0
2002-07-25,2.79,2.8,2.74,2.76,1773,2355.783,1.0
2002-07-26,2.74,2.74,2.72,2.72,1059,1393.388,1.0
2002-07-29,2.7,2.75,2.7,2.75,1353,1780.013,1.0
2002-07-30,2.74,2.83,2.72,2.78,7342,9794.611,1.0
2002-07-31,2.81,2.81,2.72,2.73,1958,2598.421,1.0
2002-08-01,2.73,2.79,2.71,2.76,2949,3912.058,1.0
2002-08-02,2.73,2.77,2.73,2.76,2164,2860.46,1.0
2002-08-05,2.72,2.78,2.72,2.76,3084,4077.0,1.0
2002-08-06,2.72,2.78,2.7,2.75,4248,5614.877,1.0
2002-08-07,2.72,2.77,2.72,2.74,1235,1626.653,1.0
2002-08-08,2.73,2.79,2.69,2.72,5479,7234.56,1.0
2002-08-09,2.71,2.72,2.68,2.71,1911,2488.641,1.0
2002-08-12,2.7,2.73,2.63,2.65,3817,4952.348,1.0
2002-08-13,2.62,2.68,2.6,2.62,2215,2819.426,1.0
2002-08-14,2.63,2.66,2.57,2.64,5476,6974.294,1.0
2002-08-15,2.65,2.65,2.58,2.61,1348,1700.299,1.0
2002-08-16,2.58,2.64,2.58,2.64,5024,6376.259,1.0
2002-08-19,2.59,2.65,2.58,2.64,5860,7443.34,1.0
2002-08-20,2.61,2.7,2.61,2.68,7781,10046.135,1.0
2002-08-21,2.68,2.69,2.62,2.67,2846,3661.518,1.0
2002-08-22,2.64,2.69,2.63,2.68,6976,9007.713,1.0
2002-08-23,2.68,2.7,2.64,2.69,8796,11413.048,1.0
2002-08-26,2.69,2.69,2.63,2.66,6588,8468.072,1.0
2002-08-27,2.66,2.69,2.62,2.66,3071,3958.763,1.0
2002-08-28,2.64,2.73,2.64,2.72,12016,15705.0,1.0
2002-08-29,2.72,2.74,2.66,2.69,453,589.126,1.0
2002-08-30,2.68,2.69,2.64,2.68,576,741.002,1.0
2002-09-02,2.64,2.68,2.62,2.65,415,534.174,1.0
2002-09-03,2.64,2.68,2.63,2.65,481,617.255,1.0
2002-09-04,2.64,2.67,2.63,2.66,1235,1584.729,1.0
2002-09-05,2.64,2.66,2.61,2.64,1224,1564.329,1.0
2002-09-06,2.67,2.67,2.61,2.66,2553,3261.864,1.0
2002-09-09,2.63,2.66,2.59,2.63,4600,5873.04,1.0
2002-09-10,2.66,2.66,2.61,2.64,1137,1450.244,1.0
2002-09-11,2.63,2.64,2.61,2.62,1108,1407.727,1.0
2002-09-12,2.61,2.68,2.61,2.67,3697,4749.014,1.0
2002-09-13,2.64,2.68,2.64,2.68,2117,2725.13,1.0
2002-09-16,2.67,2.67,2.64,2.66,1643,2109.223,1.0
2002-09-17,2.66,2.67,2.58,2.65,1280,1632.846,1.0
2002-09-18,2.67,2.67,2.63,2.65,1276,1633.366,1.0
2002-09-19,2.64,2.67,2.61,2.66,1755,2244.337,1.0
2002-09-20,2.66,2.66,2.61,2.62,1274,1629.073,1.0
2002-09-23,2.61,2.67,2.58,2.66,3768,4809.958,1.0
2002-09-24,2.63,2.67,2.57,2.64,3750,4770.986,1.0
2002-09-25,2.59,2.62,2.58,2.61,1186,1495.124,1.0
2002-09-26,2.57,2.64,2.57,2.62,1271,1606.592,1.0
2002-09-27,2.57,2.61,2.57,2.6,846,1062.882,1.0
2002-10-08,2.47,2.58,2.45,2.52,6418,7870.538,1.0
2002-10-09,2.54,2.58,2.45,2.51,4509,5573.888,1.0
2002-10-10,2.45,2.55,2.45,2.51,1731,2124.0,1.0
2002-10-11,2.52,2.53,2.47,2.51,1365,1675.053,1.0
2002-10-14,2.51,2.52,2.45,2.49,3291,4000.648,1.0
2002-10-15,2.5,2.51,2.44,2.45,2731,3284.941,1.0
2002-10-16,2.45,2.46,2.35,2.38,7249,8665.06,1.0
2002-10-17,2.41,2.41,2.26,2.31,8846,10149.471,1.0
2002-10-18,2.27,2.37,2.27,2.37,10783,12414.853,1.0
2002-10-21,2.32,2.51,2.32,2.5,9820,11812.972,1.0
2002-10-22,2.5,2.68,2.45,2.66,12826,16211.166,1.0
2002-10-23,2.64,2.84,2.63,2.83,46800,62366.08,1.0
2002-10-24,2.8,2.84,2.76,2.78,28669,38544.766,1.0
2002-10-25,2.73,2.79,2.66,2.74,23905,31825.808,1.0
2002-10-28,2.74,2.84,2.7,2.83,49706,67033.573,1.0
2002-10-29,2.81,2.82,2.67,2.79,11452,15178.511,1.0
2002-10-30,2.79,2.83,2.69,2.71,26334,35084.826,1.0
2002-10-31,2.71,2.71,2.55,2.58,10850,13711.098,1.0
2002-11-01,2.66,2.71,2.57,2.71,9354,12045.554,1.0
2002-11-04,2.7,2.74,2.67,2.74,11924,15633.53,1.0
2002-11-05,2.73,2.77,2.69,2.76,33797,44697.877,1.0
2002-11-06,2.7,2.75,2.64,2.66,15737,20575.52,1.0
2002-11-07,2.75,2.75,2.62,2.7,33736,43918.242,1.0
2002-11-08,2.69,2.69,2.38,2.43,47831,58519.573,1.0
2002-11-11,2.46,2.53,2.39,2.49,35583,43177.069,1.0
2002-11-12,2.47,2.48,2.19,2.19,15953,17833.66,1.0
2002-11-13,1.92,1.92,1.92,1.92,7445,7340.77,1.0
2002-11-14,1.67,1.85,1.67,1.72,150901,135880.803,1.0
2002-11-15,1.61,1.72,1.61,1.67,78270,69322.727,1.0
2002-11-18,1.67,1.67,1.49,1.51,69370,57925.964,1.0
2002-11-19,1.48,1.57,1.44,1.54,49952,41007.549,1.0
2002-11-20,1.51,1.52,1.47,1.48,22834,18562.202,1.0
2002-11-21,1.46,1.51,1.44,1.45,23071,18674.893,1.0
2002-11-22,1.45,1.48,1.26,1.35,47091,35866.934,1.0
2002-11-25,1.31,1.39,1.29,1.36,20882,15739.094,1.0
2002-11-26,1.36,1.44,1.33,1.33,30777,23639.533,1.0
2002-11-27,1.29,1.38,1.29,1.37,21046,15830.45,1.0
2002-11-29,1.45,1.55,1.42,1.55,90869,74139.422,1.0
2002-12-02,1.55,1.55,1.42,1.42,43317,34885.859,1.0
2002-12-03,1.41,1.46,1.39,1.45,26897,21202.123,1.0
2002-12-04,1.46,1.49,1.42,1.44,22546,18047.998,1.0
2002-12-05,1.43,1.44,1.38,1.41,19310,14978.83,1.0
2002-12-06,1.4,1.42,1.38,1.38,9026,6988.113,1.0
2002-12-09,1.38,1.4,1.36,1.37,7420,5694.061,1.0
2002-12-10,1.38,1.4,1.34,1.34,9033,6870.45,1.0
2002-12-11,1.34,1.35,1.29,1.32,10947,8138.066,1.0
2002-12-12,1.31,1.38,1.31,1.35,10391,7839.235,1.0
2002-12-13,1.31,1.45,1.29,1.41,18129,13975.79,1.0
2002-12-16,1.41,1.45,1.4,1.43,16440,12945.612,1.0
2002-12-17,1.42,1.5,1.41,1.48,28584,22964.09,1.0
2002-12-18,1.47,1.53,1.45,1.48,32686,26597.531,1.0
2002-12-19,1.48,1.5,1.45,1.48,14482,11664.001,1.0
2002-12-20,1.49,1.53,1.48,1.51,26935,22117.508,1.0
2002-12-23,1.52,1.58,1.52,1.54,30244,25335.952,1.0
2002-12-24,1.53,1.55,1.51,1.54,13832,11440.123,1.0
2002-12-25,1.55,1.55,1.48,1.48,11613,9530.509,1.0
2002-12-26,1.47,1.49,1.39,1.39,16954,13419.723,1.0
2002-12-27,1.38,1.41,1.35,1.39,14565,11199.388,1.0
2002-12-30,1.37,1.38,1.31,1.32,11676,8793.177,1.0
2002-12-31,1.31,1.39,1.31,1.33,9407,7101.0,1.0
2003-01-02,1.32,1.36,1.29,1.33,7441,5560.636,1.0
2003-01-03,1.32,1.36,1.32,1.36,6784,5116.007,1.0
2003-01-06,1.35,1.42,1.35,1.42,11015,8517.231,1.0
2003-01-07,1.42,1.43,1.36,1.38,13436,10376.559,1.0
2003-01-08,1.38,1.43,1.34,1.43,9460,7335.365,1.0
2003-01-09,1.43,1.51,1.41,1.49,27497,22094.321,1.0
2003-01-10,1.49,1.68,1.49,1.55,78007,67058.253,1.0
2003-01-13,1.55,1.6,1.54,1.58,23666,19942.103,1.0
2003-01-14,1.58,1.79,1.56,1.79,91235,81466.387,1.0
2003-01-15,1.85,1.95,1.82,1.84,139080,134920.582,1.0
2003-01-16,1.82,1.88,1.79,1.87,42935,40932.41,1.0
2003-01-17,1.87,1.9,1.82,1.83,27120,25894.589,1.0
2003-01-20,1.8,1.81,1.71,1.76,28172,25906.748,1.0
2003-01-21,1.75,1.82,1.74,1.74,18578,17243.218,1.0
2003-01-22,1.72,1.74,1.66,1.7,19450,17477.009,1.0
2003-01-23,1.7,1.75,1.68,1.72,15846,14373.912,1.0
2003-01-24,1.71,1.74,1.64,1.74,19639,17610.068,1.0
2003-01-27,1.75,1.8,1.74,1.78,17923,16666.642,1.0
2003-01-28,1.79,1.79,1.74,1.75,11433,10522.768,1.0
2003-01-29,1.75,1.76,1.72,1.73,10348,9447.714,1.0
2003-02-10,1.72,1.72,1.68,1.68,5211,4663.036,1.0
2003-02-11,1.68,1.83,1.66,1.79,12722,11686.086,1.0
2003-02-12,1.76,1.82,1.76,1.79,14799,13825.845,1.0
2003-02-13,1.82,1.83,1.78,1.79,17763,16687.337,1.0
2003-02-14,1.79,1.8,1.78,1.78,9049,8427.351,1.0
2003-02-17,1.78,1.81,1.74,1.75,8596,7979.57,1.0
2003-02-18,1.75,1.76,1.72,1.74,7228,6583.019,1.0
2003-02-19,1.73,1.76,1.71,1.75,5425,4937.618,1.0
2003-02-20,1.75,1.77,1.73,1.74,5144,4716.361,1.0
2003-02-21,1.74,1.74,1.66,1.67,11635,10392.368,1.0
2003-02-24,1.66,1.69,1.65,1.66,6359,5636.25,1.0
2003-02-25,1.66,1.73,1.66,1.71,6914,6216.345,1.0
2003-02-26,1.73,1.78,1.72,1.75,8318,7631.755,1.0
2003-02-27,1.75,1.77,1.72,1.72,6229,5697.988,1.0
2003-02-28,1.75,1.75,1.69,1.72,4646,4190.175,1.0
2003-03-03,1.71,1.73,1.7,1.73,4481,4045.635,1.0
2003-03-04,1.73,1.74,1.68,1.71,4989,4519.307,1.0
2003-03-05,1.71,1.71,1.68,1.68,5612,5002.73,1.0
2003-03-06,1.68,1.69,1.64,1.64,5193,4589.455,1.0
2003-03-07,1.64,1.66,1.61,1.61,8099,7025.632,1.0
2003-03-10,1.6,1.62,1.55,1.55,6922,5853.15,1.0
2003-03-11,1.54,1.56,1.53,1.55,4699,3923.265,1.0
2003-03-12,1.54,1.56,1.53,1.55,6010,4998.474,1.0
2003-03-13,1.55,1.58,1.55,1.55,5144,4341.503,1.0
2003-03-14,1.55,1.55,1.5,1.52,5730,4725.597,1.0
2003-03-17,1.51,1.51,1.46,1.48,11220,9057.561,1.0
2003-03-18,1.52,1.52,1.46,1.46,7923,6424.519,1.0
2003-03-19,1.45,1.47,1.42,1.44,8475,6711.534,1.0
2003-03-20,1.44,1.49,1.44,1.46,5170,4147.701,1.0
2003-03-21,1.48,1.53,1.46,1.51,6269,5131.468,1.0
2003-03-24,1.52,1.53,1.48,1.51,3658,2996.033,1.0
2003-03-25,1.5,1.5,1.46,1.47,3559,2877.233,1.0
2003-03-26,1.46,1.48,1.44,1.45,2594,2069.378,1.0
2003-03-27,1.45,1.55,1.43,1.53,8371,6845.398,1.0
2003-03-28,1.53,1.55,1.5,1.5,6436,5315.539,1.0
2003-03-31,1.5,1.53,1.48,1.52,5287,4326.068,1.0
2003-04-01,1.52,1.55,1.51,1.55,8297,6871.344,1.0
2003-04-02,1.54,1.55,1.49,1.52,6266,5150.551,1.0
2003-04-03,1.51,1.52,1.49,1.5,3284,2684.587,1.0
2003-04-04,1.49,1.52,1.49,1.51,3629,2963.762,1.0
2003-04-07,1.5,1.5,1.45,1.46,7243,5844.384,1.0
2003-04-08,1.46,1.46,1.42,1.43,7626,6035.928,1.0
2003-04-09,1.43,1.44,1.38,1.43,10358,8062.416,1.0
2003-04-10,1.44,1.5,1.39,1.49,15694,12416.15,1.0
2003-04-11,1.49,1.53,1.47,1.53,15344,12533.881,1.0
2003-04-14,1.53,1.59,1.52,1.59,25907,21787.222,1.0
2003-04-15,1.59,1.64,1.55,1.58,26099,22289.15,1.0
2003-04-16,1.57,1.62,1.53,1.54,20618,17396.442,1.0
2003-04-17,1.54,1.61,1.53,1.6,20013,16949.945,1.0
2003-04-18,1.6,1.62,1.55,1.61,11718,10000.275,1.0
2003-04-22,1.55,1.58,1.52,1.52,9101,7580.559,1.0
2003-04-23,1.51,1.52,1.44,1.45,10022,8037.077,1.0
2003-04-24,1.43,1.46,1.38,1.39,10108,7895.237,1.0
2003-04-25,1.39,1.42,1.38,1.39,6027,4659.792,1.0
2003-04-28,1.39,1.4,1.3,1.39,11931,8942.003,1.0
2003-04-29,1.39,1.39,1.31,1.31,8673,6487.52,1.0
2003-04-30,1.34,1.35,1.23,1.27,10006,7222.251,1.0
2003-05-12,1.27,1.27,1.18,1.19,9479,6685.362,1.0
2003-05-13,1.19,1.19,1.11,1.12,11456,7637.474,1.0
2003-05-14,1.12,1.19,1.12,1.18,5702,3882.831,1.0
2003-05-15,1.18,1.26,1.17,1.25,7525,5293.11,1.0
2003-05-16,1.25,1.26,1.21,1.24,5945,4210.383,1.0
2003-05-19,1.27,1.28,1.24,1.26,7003,5049.496,1.0
2003-05-20,1.26,1.27,1.22,1.22,4301,3041.576,1.0
2003-05-21,1.22,1.25,1.21,1.23,3779,2674.414,1.0
2003-05-22,1.23,1.23,1.2,1.21,3531,2477.875,1.0
2003-05-23,1.21,1.25,1.21,1.23,5459,3854.856,1.0
2003-05-26,1.23,1.33,1.22,1.31,14741,10735.379,1.0
2003-05-27,1.31,1.32,1.26,1.28,8165,5949.371,1.0
2003-05-28,1.29,1.31,1.25,1.26,6471,4721.445,1.0
2003-05-29,1.25,1.27,1.25,1.27,6337,4547.289,1.0
2003-05-30,1.27,1.31,1.27,1.29,6786,4965.229,1.0
2003-06-02,1.3,1.32,1.28,1.3,4026,2955.005,1.0
2003-06-03,1.3,1.33,1.29,1.31,11230,8334.804,1.0
2003-06-04,1.31,1.35,1.28,1.35,17099,12697.585,1.0
2003-06-05,1.35,1.38,1.34,1.36,29296,22231.327,1.0
2003-06-06,1.35,1.35,1.28,1.28,8483,6295.669,1.0
2003-06-09,1.28,1.28,1.25,1.26,5098,3668.884,1.0
2003-06-10,1.26,1.29,1.26,1.27,3459,2501.093,1.0
2003-06-11,1.28,1.31,1.28,1.3,3313,2379.181,1.0
2003-06-12,1.3,1.32,1.3,1.32,2667,1929.683,1.0
2003-06-13,1.32,1.34,1.31,1.33,2715,1981.84,1.0
2003-06-16,1.34,1.34,1.28,1.29,2597,1869.6,1.0
2003-06-17,1.29,1.31,1.29,1.3,2399,1726.515,1.0
2003-06-18,1.32,1.32,1.29,1.3,1475,1066.196,1.0
2003-06-19,1.3,1.32,1.27,1.27,3482,2477.758,1.0
2003-06-20,1.27,1.28,1.26,1.27,2803,1982.423,1.0
2003-06-23,1.25,1.26,1.23,1.24,3051,2120.059,1.0
2003-06-24,1.23,1.26,1.23,1.25,2134,1486.477,1.0
2003-06-25,1.25,1.26,1.24,1.25,2405,1682.935,1.0
2003-06-26,1.25,1.3,1.24,1.3,4150,2922.888,1.0
2003-06-27,1.3,1.3,1.27,1.28,3782,2696.411,1.0
2003-06-30,1.28,1.31,1.28,1.3,11837,8503.05,1.0
2003-07-01,1.3,1.3,1.25,1.25,3619,2570.836,1.0
2003-07-02,1.25,1.25,1.19,1.21,4759,3261.754,1.0
2003-07-03,1.21,1.24,1.2,1.22,1769,1219.57,1.0
2003-07-04,1.22,1.24,1.2,1.21,1819,1248.426,1.0
2003-07-07,1.21,1.22,1.19,1.19,1737,1177.071,1.0
2003-07-08,1.2,1.22,1.19,1.22,2122,1444.373,1.0
2003-07-09,1.22,1.22,1.18,1.19,1215,825.982,1.0
2003-07-10,1.19,1.23,1.18,1.22,3699,2523.526,1.0
2003-07-11,1.21,1.22,1.19,1.2,3083,2102.525,1.0
2003-07-14,1.2,1.2,1.18,1.2,2440,1648.818,1.0
2003-07-15,1.2,1.23,1.19,1.23,2845,1950.719,1.0
2003-07-16,1.23,1.23,1.21,1.21,1885,1292.777,1.0
2003-07-17,1.2,1.22,1.18,1.19,4013,2716.234,1.0
2003-07-18,1.19,1.19,1.16,1.18,3790,2540.668,1.0
2003-07-21,1.18,1.18,1.12,1.12,5282,3459.48,1.0
2003-07-22,1.13,1.15,1.12,1.15,3278,2132.021,1.0
2003-07-23,1.15,1.15,1.12,1.15,1862,1217.281,1.0
2003-07-24,1.15,1.15,1.13,1.14,2381,1560.526,1.0
2003-07-25,1.14,1.15,1.1,1.11,1886,1219.612,1.0
2003-07-28,1.1,1.15,1.06,1.15,5778,3710.787,1.0
2003-07-29,1.15,1.17,1.15,1.15,8185,5420.727,1.0
2003-07-30,1.15,1.17,1.11,1.13,2768,1817.89,1.0
2003-07-31,1.13,1.13,1.1,1.11,1561,1004.956,1.0
2003-08-01,1.11,1.11,1.08,1.11,2078,1319.99,1.0
2003-08-04,1.11,1.14,1.07,1.14,2312,1487.035,1.0
2003-08-05,1.13,1.15,1.12,1.15,1869,1221.624,1.0
2003-08-06,1.15,1.17,1.14,1.15,2785,1838.789,1.0
2003-08-07,1.15,1.16,1.13,1.13,1076,706.815,1.0
2003-08-08,1.13,1.14,1.11,1.12,1438,933.998,1.0
2003-08-11,1.12,1.12,1.09,1.11,2034,1301.451,1.0
2003-08-12,1.11,1.13,1.1,1.12,1180,762.213,1.0
2003-08-13,1.12,1.12,1.08,1.1,2213,1409.138,1.0
2003-08-14,1.09,1.11,1.08,1.08,1954,1240.477,1.0
2003-08-15,1.08,1.08,1.07,1.07,2215,1393.326,1.0
2003-08-18,1.08,1.09,1.06,1.07,1273,799.826,1.0
2003-08-19,1.07,1.09,1.07,1.08,1583,995.325,1.0
2003-08-20,1.07,1.08,1.06,1.07,1615,1009.813,1.0
2003-08-21,1.07,1.07,1.05,1.05,1409,878.071,1.0
2003-08-22,1.05,1.07,1.05,1.06,1579,981.995,1.0
2003-08-25,1.06,1.07,1.05,1.05,1506,937.09,1.0
2003-08-26,1.04,1.05,1.02,1.03,1573,961.703,1.0
2003-08-27,1.03,1.03,1.0,1.01,3105,1875.656,1.0
2003-08-28,1.11,1.11,1.03,1.03,5892,3676.936,1.0
2003-08-29,1.01,1.03,0.99,1.03,2806,1687.619,1.0
2003-09-01,1.03,1.06,1.01,1.05,2890,1772.616,1.0
2003-09-02,1.05,1.06,1.02,1.03,1789,1097.351,1.0
2003-09-03,1.03,1.05,1.01,1.04,2875,1752.328,1.0
2003-09-04,1.05,1.1,1.03,1.07,7108,4470.756,1.0
2003-09-05,1.07,1.08,1.05,1.06,5757,3602.314,1.0
2003-09-08,1.06,1.06,1.04,1.05,2224,1374.159,1.0
2003-09-09,1.05,1.1,1.05,1.05,2124,1327.353,1.0
2003-09-10,1.05,1.06,1.05,1.05,932,577.175,1.0
2003-09-11,1.05,1.05,1.04,1.04,1186,730.818,1.0
2003-09-12,1.0,1.06,1.0,1.02,2491,1508.513,1.0
2003-09-15,1.01,1.03,1.0,1.0,1222,735.062,1.0
2003-09-16,0.99,1.0,0.95,0.99,2199,1295.082,1.0
2003-09-17,0.99,0.99,0.96,0.96,1312,767.138,1.0
2003-09-18,1.07,1.07,0.96,0.96,2898,1746.628,1.0
2003-09-19,0.97,0.98,0.96,0.96,1652,963.972,1.0
2003-09-22,0.97,0.98,0.95,0.95,1724,1005.951,1.0
2003-09-23,0.95,0.97,0.93,0.95,1547,891.971,1.0
2003-09-24,0.96,0.98,0.95,0.97,1370,800.127,1.0
2003-09-25,0.97,0.97,0.93,0.93,2082,1198.737,1.0
2003-09-26,0.93,0.94,0.93,0.94,792,452.544,1.0
2003-09-29,0.93,0.93,0.9,0.91,1007,567.776,1.0
2003-09-30,0.91,0.95,0.89,0.91,1810,1021.411,1.0
2003-10-08,0.92,0.92,0.91,0.92,656,371.491,1.0
2003-10-09,0.91,0.92,0.9,0.91,842,473.953,1.0
2003-10-10,0.91,0.95,0.91,0.94,1930,1099.923,1.0
2003-10-13,0.94,0.97,0.94,0.94,3040,1758.48,1.0
2003-10-14,0.94,0.95,0.92,0.93,734,420.527,1.0
2003-10-15,0.94,0.95,0.91,0.91,1184,675.308,1.0
2003-10-16,0.91,0.91,0.88,0.89,1051,587.568,1.0
2003-10-17,0.87,0.9,0.87,0.88,968,536.174,1.0
2003-10-20,0.88,0.88,0.84,0.85,1904,1027.575,1.0
2003-10-21,0.84,0.86,0.83,0.85,1188,633.916,1.0
2003-10-22,0.85,0.89,0.84,0.89,2138,1171.831,1.0
2003-10-23,0.89,0.89,0.86,0.86,2807,1535.733,1.0
2003-10-24,0.84,0.87,0.82,0.82,2920,1552.632,1.0
2003-10-27,0.82,0.83,0.77,0.79,2483,1278.615,1.0
2003-10-28,0.78,0.79,0.75,0.77,2749,1386.888,1.0
2003-10-29,0.77,0.77,0.71,0.74,2734,1356.965,1.0
2003-10-30,0.72,0.74,0.71,0.73,1152,562.701,1.0
2003-10-31,0.73,0.78,0.72,0.74,3981,1984.654,1.0
2003-11-03,0.74,0.76,0.73,0.74,1787,884.472,1.0
2003-11-04,0.74,0.78,0.74,0.76,3802,1913.769,1.0
2003-11-05,0.76,0.77,0.73,0.74,2147,1065.127,1.0
2003-11-06,0.73,0.73,0.63,0.66,3639,1710.169,1.0
2003-11-07,0.67,0.69,0.63,0.65,4150,1903.143,1.0
2003-11-10,0.65,0.66,0.63,0.65,1835,833.869,1.0
2003-11-11,0.66,0.67,0.64,0.67,1299,597.208,1.0
2003-11-12,0.66,0.67,0.64,0.64,1414,647.537,1.0
2003-11-13,0.63,0.68,0.63,0.67,2568,1185.673,1.0
2003-11-14,0.67,0.7,0.66,0.69,2514,1184.032,1.0
2003-11-17,0.69,0.72,0.69,0.71,4205,2017.627,1.0
2003-11-18,0.71,0.71,0.68,0.68,1746,824.884,1.0
2003-11-19,0.68,0.71,0.68,0.71,2449,1169.484,1.0
2003-11-20,0.71,0.76,0.7,0.76,9191,4538.904,1.0
2003-11-21,0.78,0.78,0.72,0.73,9689,4821.306,1.0
2003-11-24,0.74,0.78,0.73,0.78,6021,3020.854,1.0
2003-11-25,0.79,0.87,0.78,0.82,20831,11032.993,1.0
2003-11-26,0.82,0.89,0.81,0.84,16475,8813.007,1.0
2003-11-27,0.9,0.9,0.77,0.79,10685,5628.395,1.0
2003-11-28,0.79,0.81,0.77,0.79,12126,6177.563,1.0
2003-12-02,0.83,0.9,0.82,0.86,28303,15353.233,1.0
2003-12-03,0.85,0.88,0.81,0.86,16024,8618.716,1.0
2003-12-04,0.86,0.89,0.83,0.87,12177,6610.321,1.0
2003-12-05,0.87,0.94,0.86,0.94,36289,20454.857,1.0
2003-12-08,0.94,0.96,0.89,0.9,18626,10583.917,1.0
2003-12-09,0.9,0.91,0.86,0.91,9333,5129.388,1.0
2003-12-10,0.9,0.92,0.88,0.91,11840,6602.711,1.0
2003-12-11,0.91,0.91,0.87,0.89,9394,5197.744,1.0
2003-12-12,0.89,0.89,0.86,0.87,9207,5026.495,1.0
2003-12-15,0.87,0.88,0.86,0.86,4018,2186.745,1.0
2003-12-16,0.86,0.86,0.81,0.83,7667,4049.709,1.0
2003-12-17,0.83,0.84,0.81,0.81,7346,3873.248,1.0
2003-12-18,0.8,0.81,0.76,0.78,7139,3639.597,1.0
2003-12-19,0.77,0.8,0.66,0.7,11736,5673.341,1.0
2003-12-22,0.7,0.75,0.66,0.73,10708,5079.464,1.0
2003-12-23,0.73,0.77,0.73,0.76,9551,4759.927,1.0
2003-12-24,0.76,0.77,0.73,0.75,6372,3164.897,1.0
2003-12-25,0.76,0.76,0.71,0.72,7005,3411.374,1.0
2003-12-26,0.73,0.74,0.71,0.73,7862,3816.24,1.0
2003-12-29,0.73,0.73,0.7,0.71,8041,3874.478,1.0
2003-12-30,0.7,0.72,0.69,0.69,5027,2396.259,1.0
2003-12-31,0.69,0.71,0.68,0.69,3307,1566.382,1.0
2004-01-02,0.7,0.71,0.68,0.69,5250,2484.494,1.0
2004-01-05,0.7,0.7,0.65,0.67,12582,5817.182,1.0
2004-01-06,0.67,0.68,0.65,0.67,11058,5104.937,1.0
2004-01-07,0.68,0.78,0.68,0.78,39647,20087.241,1.0
2004-01-08,0.78,0.8,0.75,0.79,32618,16648.039,1.0
2004-01-09,0.79,0.8,0.76,0.76,16679,8435.101,1.0
2004-01-12,0.75,0.78,0.73,0.77,8965,4440.51,1.0
2004-01-13,0.77,0.78,0.75,0.78,10586,5315.864,1.0
2004-01-14,0.78,0.84,0.78,0.8,22105,11492.427,1.0
2004-01-15,0.8,0.81,0.78,0.79,7507,3862.908,1.0
2004-01-16,0.79,0.81,0.77,0.79,8958,4598.033,1.0
2004-01-29,0.79,0.84,0.79,0.84,11286,5955.676,1.0
2004-01-30,0.84,0.88,0.83,0.84,17354,9344.562,1.0
2004-02-02,0.85,0.89,0.82,0.86,15013,8104.012,1.0
2004-02-03,0.86,0.92,0.86,0.92,27634,15363.301,1.0
2004-02-04,0.92,0.95,0.89,0.94,28049,15898.809,1.0
2004-02-05,0.95,1.01,0.92,0.99,44773,26037.373,1.0
2004-02-06,0.98,0.98,0.93,0.93,37720,21894.467,1.0
2004-02-09,0.91,0.95,0.91,0.95,27864,15868.739,1.0
2004-02-10,0.95,0.99,0.93,0.97,44346,26028.856,1.0
2004-02-11,0.98,1.03,0.97,1.03,58343,34929.006,1.0
2004-02-12,1.04,1.05,1.01,1.04,39399,24029.851,1.0
2004-02-13,1.05,1.05,0.98,0.98,30965,18603.947,1.0
2004-02-16,0.97,1.02,0.96,1.02,23007,13772.16,1.0
2004-02-17,1.03,1.08,1.01,1.07,35899,22061.894,1.0
2004-02-18,1.09,1.14,1.08,1.12,101382,65636.153,1.0
2004-02-19,1.11,1.12,1.08,1.12,27839,17811.254,1.0
2004-02-20,1.11,1.14,1.09,1.14,22872,14879.47,1.0
2004-02-23,1.14,1.16,1.07,1.08,20969,13543.664,1.0
2004-02-24,1.07,1.07,1.0,1.03,25927,15814.462,1.0
2004-02-25,1.03,1.06,0.98,0.98,15582,9471.105,1.0
2004-02-26,0.96,0.98,0.93,0.95,16708,9640.922,1.0
2004-02-27,0.95,0.99,0.94,0.98,11753,6858.11,1.0
2004-03-01,0.98,1.04,0.96,1.03,11102,6609.624,1.0
2004-03-02,1.03,1.03,1.0,1.01,12311,7428.17,1.0
2004-03-03,1.0,1.02,0.96,0.97,10966,6542.7,1.0
2004-03-04,0.97,1.0,0.94,0.99,9349,5462.711,1.0
2004-03-05,0.99,1.0,0.97,0.98,7000,4140.183,1.0
2004-03-08,0.98,0.98,0.91,0.91,8720,5013.611,1.0
2004-03-09,0.91,0.93,0.89,0.89,7964,4487.328,1.0
2004-03-10,0.89,0.93,0.89,0.93,8252,4633.017,1.0
2004-03-11,0.93,0.97,0.91,0.95,8829,5101.254,1.0
2004-03-12,0.96,0.96,0.92,0.94,6112,3499.641,1.0
2004-03-15,0.93,0.97,0.93,0.97,10561,6156.383,1.0
2004-03-16,0.97,1.02,0.96,1.01,20921,12448.734,1.0
2004-03-17,1.02,1.03,1.0,1.02,21319,12857.551,1.0
2004-03-18,1.03,1.03,0.97,0.98,14747,8850.248,1.0
2004-03-19,0.97,1.01,0.97,1.01,8838,5250.043,1.0
2004-03-22,1.02,1.03,1.0,1.01,11075,6657.756,1.0
2004-03-23,1.02,1.02,1.0,1.01,8583,5172.412,1.0
2004-03-24,1.0,1.02,0.98,0.99,9174,5509.804,1.0
2004-03-25,0.98,1.0,0.96,0.97,10211,6005.451,1.0
2004-03-26,0.97,0.99,0.97,0.98,5273,3103.435,1.0
2004-03-29,0.97,0.98,0.96,0.96,4400,2582.206,1.0
2004-03-30,0.96,0.97,0.95,0.97,5421,3161.577,1.0
2004-03-31,0.98,1.01,0.97,1.0,8357,4973.179,1.0
2004-04-01,1.01,1.02,1.0,1.02,10424,6285.12,1.0
2004-04-02,1.02,1.02,1.0,1.01,11024,6641.723,1.0
2004-04-05,1.01,1.04,1.01,1.04,18625,11364.317,1.0
2004-04-06,1.04,1.05,1.03,1.05,13492,8307.111,1.0
2004-04-07,1.05,1.05,1.02,1.02,11640,7104.407,1.0
2004-04-08,1.02,1.03,1.01,1.01,8474,5122.957,1.0
2004-04-09,1.02,1.03,0.95,0.97,15117,9096.168,1.0
2004-04-12,0.97,0.99,0.94,0.98,9597,5629.691,1.0
2004-04-13,0.98,1.03,0.97,1.01,12804,7689.577,1.0
2004-04-14,1.01,1.04,0.98,1.04,24590,14842.445,1.0
2004-04-15,1.04,1.05,1.02,1.03,25209,15473.868,1.0
2004-04-16,1.04,1.07,0.96,1.02,41176,25103.744,1.0
2004-04-19,1.0,1.01,0.96,0.96,11664,6884.424,1.0
2004-04-20,0.96,0.97,0.91,0.93,8475,4860.71,1.0
2004-04-21,0.94,0.94,0.91,0.92,5163,2927.882,1.0
2004-04-22,0.97,0.98,0.94,0.97,8124,4739.033,1.0
2004-04-23,0.96,0.97,0.92,0.92,6357,3655.728,1.0
2004-04-26,0.93,0.94,0.92,0.92,3070,1745.293,1.0
2004-04-27,0.93,0.93,0.87,0.88,7239,4021.017,1.0
2004-04-28,0.88,0.9,0.86,0.89,5816,3185.94,1.0
2004-04-29,0.89,0.9,0.88,0.88,3030,1680.403,1.0
2004-04-30,0.89,0.9,0.87,0.88,3121,1720.603,1.0
2004-05-10,0.89,0.89,0.84,0.85,2632,1417.835,1.0
2004-05-11,0.84,0.85,0.81,0.83,2780,1471.754,1.0
2004-05-12,0.85,0.89,0.84,0.88,3777,2051.739,1.0
2004-05-13,0.89,0.89,0.86,0.86,2241,1219.384,1.0
2004-05-14,0.88,0.88,0.83,0.84,2301,1234.235,1.0
2004-05-17,0.84,0.85,0.83,0.85,1769,942.961,1.0
2004-05-18,0.85,0.87,0.83,0.87,2516,1355.536,1.0
2004-05-19,0.86,0.89,0.86,0.87,3569,1952.932,1.0
2004-05-20,0.86,0.88,0.86,0.87,4947,2690.259,1.0
2004-05-21,0.87,0.87,0.85,0.86,2100,1138.035,1.0
2004-05-24,0.88,0.88,0.85,0.85,1949,1051.161,1.0
2004-05-25,0.85,0.85,0.8,0.8,3048,1602.926,1.0
2004-05-26,0.8,0.82,0.78,0.8,2821,1459.408,1.0
2004-05-27,0.79,0.83,0.78,0.83,4177,2179.806,1.0
2004-05-31,0.81,0.83,0.8,0.83,2515,1314.359,1.0
2004-06-01,0.82,0.84,0.82,0.84,3492,1854.565,1.0
2004-06-02,0.84,0.84,0.82,0.83,6051,3191.665,1.0
2004-06-03,0.83,0.83,0.8,0.8,3995,2079.162,1.0
2004-06-04,0.79,0.81,0.79,0.79,4908,2531.228,1.0
2004-06-07,0.79,0.79,0.76,0.77,3943,2000.578,1.0
2004-06-08,0.77,0.78,0.76,0.76,2305,1162.179,1.0
2004-06-09,0.76,0.76,0.72,0.73,3856,1915.673,1.0
2004-06-10,0.72,0.74,0.72,0.72,2614,1276.386,1.0
2004-06-11,0.75,0.75,0.72,0.72,2808,1385.67,1.0
2004-06-14,0.72,0.73,0.68,0.69,3161,1496.738,1.0
2004-06-15,0.69,0.73,0.67,0.71,2589,1226.818,1.0
2004-06-16,0.71,0.73,0.7,0.71,2463,1193.763,1.0
2004-06-17,0.71,0.72,0.68,0.69,2404,1138.581,1.0
2004-06-18,0.68,0.7,0.67,0.69,1909,896.685,1.0
2004-06-21,0.69,0.71,0.69,0.71,1639,781.438,1.0
2004-06-22,0.73,0.73,0.71,0.71,2749,1329.047,1.0
2004-06-23,0.71,0.71,0.69,0.7,1700,810.802,1.0
2004-06-24,0.71,0.72,0.7,0.7,1997,959.102,1.0
2004-06-25,0.76,0.76,0.69,0.69,2913,1398.615,1.0
2004-06-28,0.68,0.69,0.67,0.68,1920,899.247,1.0
2004-06-29,0.67,0.7,0.65,0.69,1891,881.213,1.0
2004-06-30,0.69,0.69,0.66,0.66,1180,550.67,1.0
2004-07-01,0.69,0.7,0.68,0.69,2751,1301.544,1.0
2004-07-02,0.69,0.7,0.68,0.69,1845,871.945,1.0
2004-07-05,0.69,0.7,0.68,0.7,1383,651.432,1.0
2004-07-06,0.7,0.72,0.7,0.71,3679,1765.715,1.0
2004-07-07,0.71,0.71,0.68,0.69,1521,720.15,1.0
2004-07-08,0.68,0.7,0.68,0.69,1936,913.253,1.0
2004-07-09,0.69,0.7,0.69,0.69,1275,604.612,1.0
2004-07-12,0.69,0.69,0.65,0.65,3068,1407.197,1.0
2004-07-13,0.65,0.67,0.65,0.66,1197,548.446,1.0
2004-07-14,0.66,0.66,0.6,0.63,3037,1360.037,1.0
2004-07-15,0.63,0.64,0.61,0.63,2054,919.139,1.0
2004-07-16,0.63,0.67,0.62,0.66,3880,1773.913,1.0
2004-07-19,0.66,0.69,0.66,0.69,4236,1976.942,1.0
2004-07-20,0.69,0.69,0.67,0.67,2158,1007.392,1.0
2004-07-21,0.68,0.68,0.67,0.68,3354,1568.689,1.0
2004-07-22,0.68,0.68,0.65,0.65,1652,738.568,1.0
2004-07-23,0.68,0.68,0.65,0.67,1016,451.919,1.0
2004-07-26,0.67,0.67,0.63,0.65,1332,586.934,1.0
2004-07-27,0.63,0.65,0.62,0.64,1490,650.307,1.0
2004-07-28,0.64,0.65,0.62,0.65,2400,1044.059,1.0
2004-07-29,0.66,0.66,0.64,0.66,2208,975.4,1.0
2004-07-30,0.67,0.67,0.64,0.64,1811,795.944,1.0
2004-08-02,0.63,0.65,0.63,0.64,1029,448.861,1.0
2004-08-03,0.64,0.64,0.63,0.63,1251,544.056,1.0
2004-08-04,0.64,0.67,0.63,0.66,3163,1408.503,1.0
2004-08-05,0.66,0.67,0.65,0.65,1953,866.383,1.0
2004-08-06,0.65,0.66,0.65,0.65,1621,715.783,1.0
2004-08-09,0.65,0.65,0.64,0.64,1026,450.578,1.0
2004-08-10,0.64,0.65,0.63,0.65,949,416.975,1.0
2004-08-11,0.65,0.66,0.63,0.63,1343,585.097,1.0
2004-08-12,0.63,0.63,0.59,0.6,2793,1177.286,1.0
2004-08-13,0.6,0.61,0.59,0.59,1160,486.991,1.0
2004-08-16,0.59,0.6,0.58,0.58,1629,676.001,1.0
2004-08-17,0.58,0.59,0.56,0.58,1341,551.717,1.0
2004-08-18,0.57,0.59,0.56,0.57,1220,502.318,1.0
2004-08-19,0.57,0.58,0.55,0.56,2094,847.279,1.0
2004-08-20,0.57,0.58,0.55,0.57,2463,999.666,1.0
2004-08-23,0.57,0.57,0.54,0.56,2144,862.886,1.0
2004-08-24,0.56,0.61,0.56,0.6,4699,1963.346,1.0
2004-08-25,0.59,0.6,0.58,0.59,2825,1176.275,1.0
2004-08-26,0.59,0.6,0.58,0.58,2298,959.61,1.0
2004-08-27,0.57,0.59,0.56,0.56,1625,664.804,1.0
2004-08-30,0.55,0.57,0.55,0.56,653,265.654,1.0
2004-08-31,0.59,0.61,0.58,0.59,3518,1470.531,1.0
2004-09-01,0.59,0.59,0.57,0.57,1555,637.572,1.0
2004-09-02,0.56,0.59,0.56,0.59,1975,816.092,1.0
2004-09-03,0.6,0.62,0.59,0.6,4320,1830.888,1.0
2004-09-06,0.6,0.62,0.6,0.61,2837,1205.049,1.0
2004-09-07,0.61,0.61,0.58,0.6,2767,1159.92,1.0
2004-09-08,0.6,0.6,0.59,0.59,1974,827.815,1.0
2004-09-09,0.58,0.59,0.57,0.58,1363,564.022,1.0
2004-09-10,0.57,0.58,0.56,0.57,1305,533.483,1.0
2004-09-13,0.57,0.57,0.56,0.56,1521,619.159,1.0
2004-09-14,0.56,0.6,0.56,0.6,3881,1625.062,1.0
2004-09-15,0.59,0.67,0.58,0.65,13410,5870.227,1.0
2004-09-16,0.64,0.67,0.64,0.66,9566,4244.346,1.0
2004-09-17,0.66,0.69,0.65,0.69,10520,4726.845,1.0
2004-09-20,0.71,0.73,0.68,0.72,16524,7638.742,1.0
2004-09-21,0.73,0.73,0.68,0.7,12879,5964.777,1.0
2004-09-22,0.69,0.7,0.66,0.66,9512,4311.245,1.0
2004-09-23,0.67,0.71,0.66,0.7,6572,2975.02,1.0
2004-09-24,0.71,0.72,0.67,0.67,16204,7488.364,1.0
2004-09-27,0.67,0.7,0.63,0.64,5381,2389.888,1.0
2004-09-28,0.66,0.66,0.63,0.64,3293,1445.406,1.0
2004-09-29,0.65,0.66,0.64,0.64,3384,1487.546,1.0
2004-09-30,0.64,0.65,0.61,0.61,4978,2156.926,1.0
2004-10-08,0.62,0.63,0.6,0.63,2370,1016.873,1.0
2004-10-11,0.63,0.66,0.63,0.64,3590,1575.933,1.0
2004-10-12,0.62,0.63,0.6,0.62,3960,1696.27,1.0
2004-10-13,0.62,0.62,0.6,0.62,3080,1312.768,1.0
2004-10-14,0.62,0.62,0.56,0.57,5262,2194.331,1.0
2004-10-15,0.56,0.57,0.55,0.56,4843,1954.135,1.0
2004-10-18,0.55,0.57,0.55,0.56,1784,720.662,1.0
2004-10-19,0.57,0.58,0.56,0.56,3027,1236.986,1.0
2004-10-20,0.56,0.56,0.54,0.55,3172,1270.921,1.0
2004-10-21,0.56,0.56,0.45,0.46,12580,4728.653,1.0
2004-10-22,0.46,0.47,0.43,0.47,5147,1871.752,1.0
2004-10-25,0.47,0.53,0.47,0.49,10103,3844.646,1.0
2004-10-26,0.48,0.5,0.46,0.48,3762,1393.336,1.0
2004-10-27,0.48,0.54,0.47,0.53,8265,3206.741,1.0
2004-10-28,0.53,0.54,0.51,0.51,5617,2182.857,1.0
2004-10-29,0.49,0.52,0.49,0.5,3475,1328.104,1.0
2004-11-01,0.51,0.51,0.49,0.5,2533,965.598,1.0
2004-11-02,0.5,0.51,0.48,0.49,3316,1250.203,1.0
2004-11-03,0.5,0.53,0.49,0.52,5058,1952.421,1.0
2004-11-04,0.52,0.54,0.51,0.52,6502,2538.304,1.0
2004-11-05,0.53,0.53,0.51,0.52,3593,1397.358,1.0
2004-11-08,0.52,0.53,0.51,0.52,2748,1073.367,1.0
2004-11-09,0.52,0.53,0.5,0.52,2574,996.308,1.0
2004-11-10,0.53,0.55,0.5,0.54,6646,2607.789,1.0
2004-11-11,0.54,0.56,0.53,0.54,9278,3724.967,1.0
2004-11-12,0.54,0.54,0.52,0.53,4964,1955.621,1.0
2004-11-15,0.53,0.55,0.53,0.55,3690,1471.867,1.0
2004-11-16,0.55,0.55,0.53,0.54,3530,1400.782,1.0
2004-11-17,0.54,0.54,0.51,0.52,3033,1182.411,1.0
2004-11-18,0.52,0.53,0.51,0.53,3155,1229.142,1.0
2004-11-19,0.54,0.57,0.53,0.56,7480,2999.783,1.0
2004-11-22,0.56,0.57,0.55,0.56,6907,2799.185,1.0
2004-11-23,0.56,0.58,0.55,0.57,5587,2277.753,1.0
2004-11-24,0.58,0.58,0.54,0.54,5411,2187.957,1.0
2004-11-25,0.54,0.54,0.53,0.54,3625,1432.791,1.0
2004-11-26,0.54,0.57,0.53,0.57,8602,3494.059,1.0
2004-11-29,0.58,0.58,0.55,0.55,7828,3193.322,1.0
2004-11-30,0.55,0.57,0.55,0.57,3983,1616.309,1.0
2004-12-01,0.57,0.57,0.55,0.56,1947,790.12,1.0
2004-12-02,0.56,0.61,0.56,0.59,13877,5771.793,1.0
2004-12-03,0.59,0.61,0.58,0.6,9787,4109.189,1.0
2004-12-06,0.6,0.64,0.6,0.63,17092,7354.219,1.0
2004-12-07,0.63,0.63,0.59,0.59,11416,4860.017,1.0
2004-12-08,0.6,0.62,0.59,0.61,6517,2769.301,1.0
2004-12-09,0.61,0.62,0.61,0.62,6139,2617.078,1.0
2004-12-10,0.62,0.62,0.58,0.61,9520,3994.74,1.0
2004-12-13,0.61,0.62,0.58,0.58,7512,3169.077,1.0
2004-12-14,0.58,0.61,0.58,0.59,7185,3024.959,1.0
2004-12-15,0.59,0.59,0.53,0.54,7521,3008.731,1.0
2004-12-16,0.53,0.63,0.52,0.59,36264,15211.981,1.0
2004-12-17,0.58,0.58,0.53,0.54,9795,3936.764,1.0
2004-12-20,0.55,0.64,0.55,0.64,77592,33743.003,1.0
2004-12-21,0.66,0.68,0.61,0.64,64641,28365.611,1.0
2004-12-22,0.63,0.69,0.61,0.67,47943,21244.288,1.0
2004-12-23,0.65,0.66,0.61,0.62,17901,7785.998,1.0
2004-12-24,0.61,0.64,0.59,0.6,18973,8080.115,1.0
2004-12-27,0.59,0.61,0.57,0.58,13037,5403.902,1.0
2004-12-28,0.57,0.6,0.56,0.58,9693,3993.229,1.0
2004-12-29,0.59,0.59,0.55,0.56,9558,3880.639,1.0
2004-12-30,0.55,0.56,0.53,0.54,8237,3271.256,1.0
2004-12-31,0.54,0.55,0.47,0.48,13833,5274.771,1.0
2005-01-04,0.48,0.5,0.46,0.48,6028,2255.569,1.0
2005-01-05,0.49,0.55,0.49,0.53,15043,5840.642,1.0
2005-01-06,0.53,0.53,0.5,0.51,5770,2227.563,1.0
2005-01-07,0.51,0.53,0.5,0.52,4718,1825.67,1.0
2005-01-10,0.51,0.53,0.51,0.53,3810,1477.691,1.0
2005-01-11,0.53,0.55,0.52,0.54,7947,3136.635,1.0
2005-01-12,0.54,0.54,0.53,0.54,5336,2103.822,1.0
2005-01-13,0.54,0.55,0.53,0.55,7642,3039.828,1.0
2005-01-14,0.57,0.57,0.53,0.53,16343,6523.304,1.0
2005-01-17,0.52,0.52,0.49,0.5,4917,1883.269,1.0
2005-01-18,0.51,0.54,0.5,0.52,4881,1893.724,1.0
2005-01-19,0.53,0.54,0.51,0.54,5866,2322.55,1.0
2005-01-20,0.53,0.55,0.53,0.53,3757,1487.355,1.0
2005-01-21,0.53,0.55,0.52,0.55,6549,2601.746,1.0
2005-01-24,0.58,0.6,0.55,0.57,7760,3165.811,1.0
2005-01-25,0.56,0.56,0.54,0.55,4456,1785.548,1.0
2005-01-26,0.55,0.55,0.53,0.54,3893,1541.13,1.0
2005-01-27,0.53,0.54,0.51,0.53,4828,1879.091,1.0
2005-01-28,0.52,0.53,0.5,0.51,4938,1893.116,1.0
2005-01-31,0.5,0.5,0.47,0.48,3792,1424.153,1.0
2005-02-01,0.52,0.52,0.48,0.49,6445,2434.579,1.0
2005-02-02,0.5,0.54,0.48,0.54,8550,3322.961,1.0
2005-02-03,0.55,0.56,0.53,0.56,14198,5704.572,1.0
2005-02-04,0.56,0.57,0.55,0.56,8777,3562.644,1.0
2005-02-16,0.59,0.65,0.59,0.61,30116,12977.713,1.0
2005-02-17,0.59,0.63,0.58,0.62,14630,6196.319,1.0
2005-02-18,0.62,0.62,0.59,0.6,5573,2354.413,1.0
2005-02-21,0.61,0.69,0.61,0.65,35643,15806.885,1.0
2005-02-22,0.67,0.67,0.63,0.66,19847,8785.407,1.0
2005-02-23,0.66,0.67,0.63,0.65,13994,6181.762,1.0
2005-02-24,0.65,0.68,0.64,0.68,20315,9113.233,1.0
2005-02-25,0.69,0.71,0.66,0.66,27371,12484.658,1.0
2005-02-28,0.66,0.66,0.64,0.65,11695,5145.488,1.0
2005-03-01,0.64,0.68,0.63,0.67,14158,6261.668,1.0
2005-03-02,0.66,0.67,0.64,0.64,11946,5286.84,1.0
2005-03-04,0.65,0.69,0.65,0.66,13523,6086.168,1.0
2005-03-07,0.7,0.76,0.68,0.72,62000,29303.007,1.0
2005-03-08,0.71,0.74,0.69,0.74,32851,15481.232,1.0
2005-03-09,0.74,0.77,0.71,0.77,38247,18419.07,1.0
2005-03-10,0.76,0.76,0.69,0.71,22334,10560.777,1.0
2005-03-11,0.7,0.73,0.7,0.72,11294,5269.003,1.0
2005-03-14,0.71,0.71,0.64,0.67,18161,8209.919,1.0
2005-03-15,0.66,0.67,0.62,0.64,15000,6590.731,1.0
2005-03-16,0.63,0.64,0.6,0.62,10824,4656.952,1.0
2005-03-17,0.61,0.63,0.6,0.61,8074,3462.364,1.0
2005-03-18,0.61,0.63,0.6,0.62,10419,4463.748,1.0
2005-03-21,0.62,0.63,0.57,0.58,11236,4710.022,1.0
2005-03-22,0.58,0.59,0.53,0.55,14085,5652.916,1.0
2005-03-23,0.54,0.56,0.53,0.54,14719,5888.193,1.0
2005-03-24,0.54,0.56,0.53,0.55,8194,3271.78,1.0
2005-03-25,0.55,0.55,0.52,0.52,12066,4771.4,1.0
2005-03-28,0.52,0.52,0.48,0.52,11406,4342.932,1.0
2005-03-29,0.52,0.55,0.51,0.54,11363,4486.786,1.0
2005-03-30,0.54,0.54,0.51,0.51,7535,2928.868,1.0
2005-03-31,0.52,0.54,0.5,0.54,6757,2642.139,1.0
2005-04-01,0.53,0.61,0.5,0.57,15296,6119.915,1.0
2005-04-04,0.55,0.57,0.54,0.54,8492,3409.616,1.0
2005-04-05,0.54,0.55,0.53,0.53,4089,1612.77,1.0
2005-04-06,0.53,0.56,0.51,0.55,8497,3353.609,1.0
2005-04-07,0.56,0.59,0.54,0.57,14035,5747.839,1.0
2005-04-08,0.57,0.58,0.56,0.58,6864,2811.788,1.0
2005-04-11,0.57,0.59,0.57,0.58,9555,3953.883,1.0
2005-04-12,0.58,0.58,0.54,0.54,7461,3003.969,1.0
2005-04-13,0.55,0.57,0.55,0.57,10611,4311.259,1.0
2005-04-14,0.58,0.58,0.54,0.54,8433,3395.884,1.0
2005-04-15,0.54,0.54,0.5,0.51,8578,3321.237,1.0
2005-04-18,0.5,0.52,0.5,0.52,4454,1707.256,1.0
2005-04-19,0.53,0.53,0.51,0.52,2852,1107.182,1.0
2005-04-20,0.52,0.52,0.49,0.5,3432,1311.7,1.0
2005-04-21,0.5,0.5,0.46,0.47,5332,1975.445,1.0
2005-04-22,0.47,0.48,0.41,0.43,6551,2333.568,1.0
2005-04-25,0.42,0.42,0.36,0.38,8806,2929.998,1.0
2005-04-26,0.37,0.43,0.37,0.43,8585,2946.692,1.0
2005-04-27,0.44,0.44,0.39,0.39,5175,1763.424,1.0
2005-04-28,0.39,0.43,0.37,0.42,7655,2633.342,1.0
2005-04-29,0.41,0.43,0.4,0.4,4384,1514.406,1.0
2005-05-09,0.4,0.41,0.34,0.35,4814,1566.305,1.0
2005-05-10,0.33,0.35,0.32,0.35,4665,1457.929,1.0
2005-05-11,0.34,0.36,0.33,0.34,3502,1107.791,1.0
2005-05-12,0.33,0.37,0.33,0.36,3375,1082.99,1.0
2005-05-13,0.36,0.42,0.35,0.39,9638,3227.427,1.0
2005-05-16,0.37,0.39,0.36,0.37,3947,1301.196,1.0
2005-05-17,0.37,0.39,0.37,0.38,3006,1002.318,1.0
2005-05-18,0.4,0.4,0.37,0.39,2722,903.335,1.0
2005-05-19,0.38,0.4,0.37,0.39,2590,864.222,1.0
2005-05-20,0.39,0.39,0.38,0.38,2878,965.107,1.0
2005-05-23,0.39,0.39,0.35,0.35,3241,1041.467,1.0
2005-05-24,0.34,0.37,0.33,0.36,2653,858.412,1.0
2005-05-25,0.36,0.38,0.36,0.37,2029,663.821,1.0
2005-05-26,0.36,0.37,0.35,0.36,3099,1004.871,1.0
2005-05-27,0.36,0.38,0.36,0.36,2159,705.721,1.0
2005-05-30,0.35,0.38,0.35,0.37,3426,1121.906,1.0
2005-05-31,0.38,0.38,0.37,0.37,3455,1144.936,1.0
2005-06-01,0.37,0.38,0.35,0.37,2986,971.371,1.0
2005-06-02,0.36,0.39,0.36,0.39,11620,3874.891,1.0
2005-06-03,0.39,0.4,0.37,0.39,15772,5299.347,1.0
2005-06-06,0.38,0.4,0.37,0.4,5538,1856.147,1.0
2005-06-07,0.39,0.41,0.38,0.39,7551,2557.655,1.0
2005-06-08,0.39,0.45,0.39,0.44,19652,6920.579,1.0
2005-06-09,0.44,0.45,0.42,0.43,13835,4895.621,1.0
2005-06-10,0.44,0.44,0.4,0.4,7288,2524.41,1.0
2005-06-13,0.4,0.42,0.4,0.41,3826,1315.708,1.0
2005-06-14,0.42,0.43,0.41,0.42,7491,2609.356,1.0
2005-06-15,0.41,0.42,0.37,0.37,5283,1779.22,1.0
2005-06-16,0.37,0.39,0.35,0.38,5502,1792.535,1.0
2005-06-17,0.39,0.39,0.36,0.36,6291,2067.251,1.0
2005-06-20,0.36,0.38,0.34,0.37,5718,1852.101,1.0
2005-06-21,0.37,0.37,0.36,0.36,5827,1901.754,1.0
2005-06-22,0.37,0.37,0.35,0.37,2509,814.908,1.0
2005-06-23,0.36,0.38,0.36,0.37,4601,1519.578,1.0
2005-06-24,0.37,0.38,0.37,0.38,2398,789.696,1.0
2005-06-27,0.38,0.4,0.38,0.4,8324,2811.672,1.0
2005-06-28,0.39,0.39,0.36,0.36,3744,1233.434,1.0
2005-06-29,0.36,0.38,0.36,0.37,3386,1114.742,1.0
2005-06-30,0.36,0.37,0.35,0.35,3278,1054.413,1.0
2005-07-01,0.34,0.35,0.27,0.28,8390,2574.103,1.0
2005-07-04,0.27,0.27,0.24,0.26,4491,1259.027,1.0
2005-07-05,0.26,0.27,0.25,0.26,2169,614.66,1.0
2005-07-06,0.26,0.27,0.24,0.25,2728,766.798,1.0
2005-07-07,0.26,0.28,0.24,0.27,5364,1536.318,1.0
2005-07-08,0.27,0.27,0.24,0.26,4048,1141.112,1.0
2005-07-11,0.27,0.31,0.27,0.28,19212,5670.036,1.0
2005-07-12,0.28,0.31,0.26,0.3,9335,2757.228,1.0
2005-07-13,0.3,0.3,0.28,0.29,5657,1680.166,1.0
2005-07-14,0.29,0.3,0.27,0.27,4355,1270.277,1.0
2005-07-15,0.27,0.28,0.25,0.26,3955,1124.977,1.0
2005-07-18,0.25,0.25,0.19,0.19,11011,2882.927,1.0
2005-07-19,0.17,0.19,0.17,0.19,5148,1299.88,1.0
2005-07-20,0.18,0.2,0.18,0.18,4555,1153.087,1.0
2005-07-21,0.19,0.2,0.18,0.19,4883,1247.965,1.0
2005-07-22,0.2,0.22,0.18,0.21,9095,2391.426,1.0
2005-07-25,0.21,0.21,0.2,0.21,3715,974.735,1.0
2005-07-26,0.21,0.23,0.21,0.23,7693,2068.504,1.0
2005-07-27,0.23,0.24,0.22,0.24,9833,2685.348,1.0
2005-07-28,0.24,0.25,0.23,0.23,8596,2357.874,1.0
2005-07-29,0.24,0.26,0.23,0.24,9318,2584.246,1.0
2005-08-01,0.23,0.24,0.23,0.24,5852,1594.863,1.0
2005-08-02,0.24,0.28,0.24,0.27,18174,5152.822,1.0
2005-08-03,0.27,0.29,0.26,0.26,15435,4455.866,1.0
2005-08-04,0.26,0.27,0.25,0.26,9647,2720.368,1.0
2005-08-05,0.26,0.28,0.25,0.28,9228,2652.834,1.0
2005-08-08,0.28,0.29,0.27,0.28,10670,3100.628,1.0
2005-08-09,0.28,0.3,0.27,0.29,11203,3292.073,1.0
2005-08-10,0.29,0.3,0.28,0.3,10334,3073.071,1.0
2005-08-11,0.3,0.33,0.29,0.32,18766,5729.183,1.0
2005-08-12,0.33,0.33,0.28,0.29,19178,5777.946,1.0
2005-08-15,0.29,0.32,0.28,0.31,8723,2619.581,1.0
2005-08-16,0.31,0.32,0.29,0.3,11808,3559.214,1.0
2005-08-17,0.3,0.38,0.29,0.38,37698,12093.493,1.0
2005-08-18,0.43,0.46,0.38,0.41,71862,25830.886,1.0
2005-08-19,0.41,0.49,0.41,0.49,147025,54227.649,1.0
2005-08-23,0.47,0.52,0.4,0.45,70640,24976.631,1.0
2005-08-24,0.42,0.49,0.37,0.46,59741,21362.172,1.0
2005-08-25,0.45,0.5,0.42,0.47,53926,19974.92,1.0
2005-08-26,0.47,0.49,0.43,0.44,33475,12136.361,1.0
2005-08-29,0.44,0.47,0.42,0.45,22812,8183.772,1.0
2005-08-30,0.44,0.44,0.39,0.4,24415,8423.647,1.0
2005-08-31,0.39,0.41,0.38,0.41,23008,7803.714,1.0
2005-09-01,0.4,0.44,0.39,0.42,28369,9906.92,1.0
2005-09-02,0.42,0.46,0.42,0.43,30566,10881.774,1.0
2005-09-05,0.43,0.45,0.42,0.45,22185,7879.858,1.0
2005-09-06,0.45,0.46,0.41,0.41,27623,9863.549,1.0
2005-09-07,0.4,0.44,0.4,0.43,17911,6196.974,1.0
2005-09-08,0.45,0.45,0.43,0.45,19276,6890.355,1.0
2005-09-09,0.45,0.46,0.42,0.43,14220,5046.983,1.0
2005-09-12,0.42,0.43,0.41,0.43,10087,3512.164,1.0
2005-09-13,0.43,0.45,0.43,0.45,18923,6768.75,1.0
2005-09-14,0.45,0.48,0.45,0.47,35133,12903.268,1.0
2005-09-15,0.47,0.47,0.45,0.46,17506,6381.434,1.0
2005-09-16,0.46,0.48,0.46,0.47,15455,5683.742,1.0
2005-09-20,0.48,0.5,0.44,0.46,19636,7164.517,1.0
2005-09-21,0.46,0.46,0.42,0.43,17417,6191.396,1.0
2005-09-22,0.43,0.43,0.38,0.39,17118,5850.42,1.0
2005-09-23,0.39,0.42,0.39,0.39,10376,3528.277,1.0
2005-09-26,0.39,0.4,0.38,0.39,6376,2144.745,1.0
2005-09-27,0.39,0.4,0.35,0.35,10690,3488.556,1.0
2005-09-28,0.35,0.36,0.35,0.35,6809,2189.73,1.0
2005-09-29,0.35,0.39,0.35,0.38,8096,2669.307,1.0
2005-09-30,0.37,0.38,0.37,0.37,4844,1593.686,1.0
2005-10-10,0.36,0.37,0.35,0.35,4812,1550.598,1.0
2005-10-11,0.35,0.37,0.35,0.37,5053,1648.154,1.0
2005-10-12,0.37,0.4,0.37,0.39,7997,2670.086,1.0
2005-10-13,0.39,0.39,0.37,0.37,5246,1743.436,1.0
2005-10-14,0.37,0.39,0.36,0.37,6021,2000.028,1.0
2005-10-17,0.38,0.39,0.37,0.39,9129,3049.438,1.0
2005-10-18,0.39,0.41,0.38,0.4,11110,3748.263,1.0
2005-10-19,0.4,0.41,0.38,0.39,9274,3157.748,1.0
2005-10-20,0.38,0.41,0.37,0.41,12970,4382.909,1.0
2005-10-21,0.41,0.44,0.39,0.43,22278,7800.744,1.0
2005-10-24,0.44,0.44,0.42,0.43,10096,3550.432,1.0
2005-10-25,0.44,0.44,0.4,0.4,8520,2937.446,1.0
2005-10-26,0.4,0.4,0.36,0.36,7317,2435.66,1.0
2005-10-27,0.37,0.37,0.34,0.36,7802,2513.103,1.0
2005-10-28,0.36,0.36,0.31,0.36,11460,3592.679,1.0
2005-10-31,0.37,0.37,0.32,0.33,41068,13034.58,1.0
2005-11-01,0.32,0.32,0.29,0.31,12482,3758.585,1.0
2005-11-02,0.31,0.34,0.31,0.33,9843,3046.212,1.0
2005-11-03,0.33,0.34,0.31,0.31,4811,1483.759,1.0
2005-11-04,0.31,0.33,0.31,0.33,4681,1440.917,1.0
2005-11-07,0.33,0.33,0.3,0.33,4483,1377.982,1.0
2005-11-08,0.33,0.34,0.32,0.34,7172,2251.642,1.0
2005-11-09,0.34,0.36,0.33,0.34,10601,3376.056,1.0
2005-11-10,0.34,0.34,0.3,0.3,8048,2469.022,1.0
2005-11-11,0.3,0.31,0.29,0.31,7397,2228.264,1.0
2005-11-14,0.3,0.32,0.3,0.31,4432,1341.599,1.0
2005-11-15,0.32,0.33,0.31,0.31,3398,1039.257,1.0
2005-11-16,0.31,0.32,0.3,0.32,4097,1242.623,1.0
2005-11-17,0.32,0.33,0.31,0.32,3448,1058.798,1.0
2005-11-18,0.31,0.34,0.31,0.33,9963,3107.281,1.0
2005-11-21,0.33,0.34,0.33,0.34,4948,1549.495,1.0
2005-11-22,0.33,0.34,0.31,0.31,6034,1855.597,1.0
2005-11-23,0.3,0.32,0.3,0.31,3726,1137.868,1.0
2005-11-24,0.31,0.33,0.31,0.32,6520,2014.905,1.0
2005-11-25,0.32,0.33,0.31,0.32,3703,1139.337,1.0
2005-11-28,0.33,0.33,0.32,0.33,3948,1220.192,1.0
2005-11-29,0.32,0.32,0.31,0.31,3034,929.009,1.0
2005-11-30,0.3,0.32,0.3,0.32,3110,948.23,1.0
2005-12-01,0.33,0.33,0.31,0.32,2529,774.604,1.0
2005-12-02,0.31,0.32,0.3,0.31,4489,1358.73,1.0
2005-12-05,0.3,0.3,0.26,0.27,6678,1942.544,1.0
2005-12-06,0.27,0.28,0.25,0.28,2803,803.607,1.0
2005-12-07,0.27,0.3,0.26,0.29,5098,1488.258,1.0
2005-12-08,0.28,0.29,0.27,0.28,3093,901.906,1.0
2005-12-09,0.27,0.29,0.27,0.29,3855,1128.964,1.0
2005-12-12,0.29,0.3,0.29,0.29,5321,1577.258,1.0
2005-12-13,0.3,0.3,0.28,0.29,2151,631.98,1.0
2005-12-14,0.28,0.3,0.28,0.3,3017,898.158,1.0
2005-12-15,0.3,0.3,0.29,0.3,4452,1326.958,1.0
2005-12-16,0.29,0.3,0.29,0.3,2475,737.564,1.0
2005-12-19,0.3,0.3,0.29,0.3,3165,946.538,1.0
2005-12-20,0.3,0.3,0.29,0.3,2424,723.394,1.0
2005-12-21,0.3,0.3,0.28,0.28,3760,1116.138,1.0
2005-12-22,0.28,0.29,0.28,0.28,3757,1100.842,1.0
2005-12-23,0.28,0.3,0.28,0.3,4896,1457.509,1.0
2005-12-26,0.3,0.31,0.3,0.31,5521,1671.516,1.0
2005-12-27,0.31,0.32,0.3,0.31,4019,1221.86,1.0
2005-12-28,0.31,0.32,0.3,0.31,3185,969.06,1.0
2005-12-29,0.31,0.32,0.31,0.32,4772,1459.073,1.0
2005-12-30,0.31,0.33,0.31,0.31,6648,2042.059,1.0
2006-01-04,0.31,0.33,0.31,0.32,6314,1948.469,1.0
2006-01-05,0.33,0.35,0.32,0.34,12914,4060.055,1.0
2006-01-06,0.35,0.35,0.34,0.35,10975,3488.689,1.0
2006-01-09,0.34,0.37,0.34,0.36,10129,3273.295,1.0
2006-01-10,0.36,0.38,0.35,0.38,13279,4322.002,1.0
2006-01-11,0.37,0.38,0.35,0.36,11508,3748.885,1.0
2006-01-12,0.35,0.37,0.35,0.37,10008,3259.259,1.0
2006-01-13,0.37,0.38,0.36,0.37,8460,2773.474,1.0
2006-01-16,0.37,0.39,0.36,0.36,10837,3564.657,1.0
2006-01-17,0.36,0.37,0.35,0.36,6219,2014.634,1.0
2006-01-18,0.36,0.38,0.36,0.38,9559,3146.87,1.0
2006-01-19,0.4,0.46,0.4,0.45,55234,19490.56,1.0
2006-01-20,0.44,0.45,0.43,0.44,20190,7150.593,1.0
2006-01-23,0.44,0.44,0.41,0.42,15162,5291.955,1.0
2006-01-24,0.41,0.44,0.41,0.42,9951,3513.229,1.0
2006-01-25,0.42,0.43,0.4,0.41,8803,3036.514,1.0
2006-02-06,0.41,0.43,0.4,0.43,7672,2678.123,1.0
2006-02-07,0.44,0.44,0.41,0.42,11288,3926.722,1.0
2006-02-08,0.42,0.45,0.41,0.45,10132,3564.091,1.0
2006-02-09,0.45,0.46,0.42,0.42,6228,2201.708,1.0
2006-02-10,0.42,0.44,0.42,0.43,7289,2558.991,1.0
2006-02-13,0.43,0.43,0.4,0.41,9220,3166.422,1.0
2006-02-14,0.41,0.42,0.4,0.42,6422,2224.948,1.0
2006-02-15,0.42,0.43,0.41,0.42,6101,2136.893,1.0
2006-02-16,0.42,0.42,0.39,0.39,10815,3675.977,1.0
2006-02-17,0.39,0.4,0.37,0.38,7630,2545.811,1.0
2006-02-20,0.38,0.4,0.37,0.39,5522,1850.283,1.0
2006-02-21,0.39,0.4,0.38,0.39,5360,1794.07,1.0
2006-02-22,0.39,0.4,0.39,0.39,5578,1887.068,1.0
2006-02-23,0.39,0.41,0.39,0.4,4494,1518.514,1.0
2006-02-24,0.4,0.41,0.39,0.41,5426,1847.719,1.0
2006-02-27,0.42,0.43,0.4,0.42,10900,3784.86,1.0
2006-02-28,0.42,0.43,0.4,0.42,5548,1933.947,1.0
2006-03-01,0.43,0.43,0.41,0.42,6667,2323.642,1.0
2006-03-02,0.42,0.44,0.41,0.42,13906,4892.778,1.0
2006-03-03,0.42,0.43,0.4,0.42,6824,2367.326,1.0
2006-03-06,0.42,0.42,0.41,0.41,5818,2019.375,1.0
2006-03-07,0.41,0.41,0.36,0.37,7686,2567.637,1.0
2006-03-08,0.37,0.38,0.36,0.37,4867,1596.32,1.0
2006-03-09,0.37,0.38,0.36,0.37,2903,956.069,1.0
2006-03-10,0.37,0.38,0.36,0.38,4262,1411.193,1.0
2006-03-13,0.37,0.39,0.37,0.38,2998,1000.112,1.0
2006-03-14,0.38,0.39,0.38,0.38,4008,1337.215,1.0
2006-03-15,0.38,0.39,0.38,0.39,2827,944.285,1.0
2006-03-16,0.39,0.4,0.38,0.39,3433,1156.142,1.0
2006-03-17,0.39,0.39,0.38,0.39,3309,1104.205,1.0
2006-03-20,0.38,0.41,0.38,0.4,4833,1639.208,1.0
2006-03-21,0.4,0.41,0.39,0.4,4517,1543.163,1.0
2006-03-22,0.4,0.43,0.4,0.42,10901,3792.716,1.0
2006-03-23,0.42,0.43,0.41,0.42,7661,2666.031,1.0
2006-03-24,0.42,0.43,0.41,0.41,7348,2562.807,1.0
2006-03-27,0.4,0.45,0.4,0.44,15102,5365.131,1.0
2006-03-28,0.44,0.46,0.43,0.45,16312,5878.509,1.0
2006-03-29,0.46,0.46,0.44,0.44,13664,4924.825,1.0
2006-03-31,0.42,0.44,0.42,0.43,11231,3933.841,1.0
2006-04-03,0.42,0.49,0.42,0.48,22960,8409.907,1.0
2006-04-04,0.48,0.5,0.46,0.49,21961,8209.102,1.0
2006-04-05,0.49,0.5,0.47,0.49,14750,5499.096,1.0
2006-04-06,0.49,0.53,0.48,0.5,26364,10187.54,1.0
2006-04-07,0.5,0.6,0.5,0.57,54830,22355.797,1.0
2006-04-10,0.57,0.59,0.56,0.58,22954,9415.978,1.0
2006-04-11,0.58,0.59,0.55,0.57,36453,14875.989,1.0
2006-04-12,0.56,0.64,0.55,0.61,32039,13618.488,1.0
2006-04-13,0.61,0.61,0.53,0.54,36555,14896.038,1.0
2006-04-14,0.54,0.59,0.52,0.57,18461,7480.129,1.0
2006-04-27,0.68,0.68,0.6,0.63,37984,16532.287,1.0
2006-04-28,0.61,0.64,0.59,0.63,22100,9565.195,1.0
2006-05-08,0.65,0.73,0.65,0.73,28269,13386.947,1.0
2006-05-09,0.82,0.85,0.8,0.85,13757,7162.62,1.0
2006-05-10,0.98,0.98,0.97,0.98,21552,12410.01,1.0
2006-05-11,1.12,1.12,1.12,1.12,75399,47802.839,1.0
2006-06-08,1.53,1.53,1.08,1.16,229254,155731.803,1.0
2006-06-09,1.13,1.32,1.05,1.32,93059,64789.858,1.0
2006-06-12,1.38,1.5,1.29,1.38,165794,123107.092,1.0
2006-06-13,1.34,1.43,1.29,1.4,64318,46652.982,1.0
2006-06-14,1.36,1.36,1.23,1.24,51639,35954.017,1.0
2006-06-15,1.22,1.3,1.22,1.25,19452,13469.861,1.0
2006-06-16,1.26,1.3,1.23,1.25,17121,11819.118,1.0
2006-06-19,1.25,1.4,1.25,1.37,57045,41085.85,1.0
2006-06-20,1.35,1.4,1.33,1.4,30142,22037.716,1.0
2006-06-21,1.44,1.58,1.44,1.57,110541,88393.091,1.0
2006-06-22,1.53,1.77,1.5,1.77,108645,91326.271,1.0
2006-06-23,1.76,1.95,1.68,1.86,91929,84712.593,1.0
2006-06-26,1.89,1.95,1.81,1.9,58090,54597.912,1.0
2006-06-27,1.88,1.9,1.66,1.66,85892,76079.528,1.0
2006-06-28,1.62,1.73,1.54,1.67,128333,107360.934,1.0
2006-06-29,1.62,1.84,1.62,1.71,133401,117265.957,1.0
2006-06-30,1.73,1.78,1.55,1.56,145383,122745.326,1.0
2006-07-03,1.63,1.67,1.5,1.62,113885,93332.264,1.0
2006-07-04,1.59,1.65,1.55,1.63,68437,56631.436,1.0
2006-07-05,1.65,1.69,1.59,1.66,69148,58570.476,1.0
2006-07-06,1.69,1.78,1.64,1.78,80958,70877.267,1.0
2006-07-07,1.78,1.89,1.78,1.78,70807,65095.285,1.0
2006-07-10,1.73,1.73,1.57,1.61,90304,75241.31,1.0
2006-07-11,1.54,1.58,1.47,1.48,121405,95550.692,1.0
2006-07-12,1.49,1.55,1.45,1.52,74185,58379.247,1.0
2006-07-13,1.5,1.53,1.33,1.33,67535,50205.549,1.0
2006-07-14,1.34,1.34,1.27,1.29,42062,29745.86,1.0
2006-07-17,1.29,1.34,1.29,1.34,28066,19984.159,1.0
2006-07-18,1.34,1.34,1.28,1.32,20381,14434.182,1.0
2006-07-19,1.32,1.38,1.24,1.34,47297,33808.978,1.0
2006-07-20,1.34,1.34,1.29,1.31,19482,13828.668,1.0
2006-07-21,1.3,1.32,1.28,1.3,19396,13678.146,1.0
2006-07-24,1.29,1.29,1.16,1.21,47977,32223.383,1.0
2006-07-25,1.22,1.26,1.19,1.25,33055,22365.271,1.0
2006-07-26,1.25,1.27,1.21,1.24,26176,17819.769,1.0
2006-07-27,1.24,1.25,1.18,1.22,26524,17766.44,1.0
2006-07-28,1.21,1.22,1.13,1.17,46244,29882.526,1.0
2006-07-31,1.16,1.16,1.05,1.06,40680,25174.095,1.0
2006-08-01,1.06,1.08,0.98,0.99,50773,29970.309,1.0
2006-08-02,0.99,1.06,0.98,1.03,37815,22359.888,1.0
2006-08-03,1.03,1.03,0.95,0.97,34903,20172.617,1.0
2006-08-04,0.97,1.0,0.93,0.94,30752,17325.958,1.0
2006-08-07,0.94,0.98,0.92,0.94,21608,12153.737,1.0
2006-08-08,0.95,1.05,0.95,0.99,53025,30784.602,1.0
2006-08-09,0.99,1.0,0.94,0.95,23866,13606.93,1.0
2006-08-10,0.97,1.03,0.96,1.03,51586,30070.367,1.0
2006-08-11,1.03,1.04,0.99,1.04,39272,23184.996,1.0
2006-08-14,1.06,1.11,1.04,1.07,88386,54415.43,1.0
2006-08-15,1.06,1.08,1.01,1.07,30644,18462.96,1.0
2006-08-16,1.07,1.07,1.02,1.06,32450,19513.409,1.0
2006-08-17,1.06,1.06,1.02,1.04,17773,10647.434,1.0
2006-08-18,1.04,1.04,0.95,0.97,37124,21541.693,1.0
2006-08-21,0.9,0.94,0.87,0.94,37736,20679.488,1.0
2006-08-22,0.92,1.07,0.92,1.07,66174,38859.608,1.0
2006-08-23,1.08,1.11,1.04,1.06,80772,49702.231,1.0
2006-08-24,1.06,1.08,1.04,1.08,34385,20887.629,1.0
2006-08-25,1.08,1.08,1.05,1.05,25364,15454.342,1.0
2006-08-28,1.05,1.18,1.05,1.16,85891,54556.348,1.0
2006-08-29,1.15,1.18,1.12,1.16,60520,39002.873,1.0
2006-08-30,1.17,1.23,1.16,1.2,82562,55035.004,1.0
2006-08-31,1.21,1.21,1.14,1.19,43020,28093.998,1.0
2006-09-01,1.19,1.2,1.1,1.1,41596,26555.839,1.0
2006-09-04,1.1,1.13,1.08,1.11,26014,16396.535,1.0
2006-09-05,1.11,1.13,1.07,1.1,30204,18771.49,1.0
2006-09-06,1.1,1.13,1.08,1.11,23635,14846.698,1.0
2006-09-07,1.11,1.11,1.06,1.06,23044,14121.592,1.0
2006-09-08,1.06,1.11,1.05,1.07,25160,15497.343,1.0
2006-09-11,1.07,1.1,1.06,1.07,15283,9403.452,1.0
2006-09-12,1.07,1.08,1.06,1.07,16893,10306.389,1.0
2006-09-13,1.07,1.14,1.07,1.12,51290,32233.044,1.0
2006-09-14,1.11,1.13,1.07,1.13,26150,16294.037,1.0
2006-09-15,1.14,1.19,1.13,1.16,72074,46883.45,1.0
2006-09-19,1.18,1.19,1.13,1.13,36676,23592.954,1.0
2006-09-20,1.13,1.13,1.09,1.11,29582,18535.397,1.0
2006-09-21,1.1,1.11,1.1,1.1,15516,9704.171,1.0
2006-09-22,1.09,1.1,1.05,1.06,28011,17132.406,1.0
2006-09-25,1.05,1.08,1.03,1.04,16968,10256.406,1.0
2006-09-26,1.04,1.08,1.01,1.07,23194,13877.583,1.0
2006-09-27,1.08,1.09,1.05,1.08,21496,13183.028,1.0
2006-09-28,1.1,1.13,1.09,1.11,39489,24891.791,1.0
2006-09-29,1.11,1.11,1.08,1.09,23080,14328.67,1.0
2006-10-09,1.11,1.13,1.09,1.12,19066,11963.981,1.0
2006-10-10,1.12,1.15,1.09,1.13,38910,24786.003,1.0
2006-10-11,1.14,1.17,1.13,1.16,37573,24235.469,1.0
2006-10-12,1.16,1.18,1.1,1.11,26309,16845.549,1.0
2006-10-13,1.1,1.11,1.05,1.09,18803,11631.123,1.0
2006-10-16,1.09,1.1,1.06,1.1,16037,9876.397,1.0
2006-10-17,1.1,1.16,1.09,1.16,41444,26463.932,1.0
2006-10-18,1.17,1.18,1.13,1.17,48182,31244.575,1.0
2006-10-19,1.18,1.18,1.12,1.13,39319,25374.705,1.0
2006-10-20,1.14,1.14,1.09,1.11,21061,13257.536,1.0
2006-10-23,1.09,1.12,1.06,1.06,17852,11032.435,1.0
2006-10-24,1.06,1.09,1.06,1.09,14390,8839.737,1.0
2006-10-25,1.1,1.1,1.05,1.06,25190,15341.717,1.0
2006-10-26,1.05,1.06,0.98,0.99,43841,25791.221,1.0
2006-10-27,0.98,0.98,0.88,0.91,37121,20547.958,1.0
2006-10-30,0.9,0.9,0.84,0.86,23592,12434.871,1.0
2006-10-31,0.86,0.9,0.86,0.89,12691,6797.426,1.0
2006-11-01,0.89,0.92,0.89,0.91,15965,8700.574,1.0
2006-11-02,0.91,0.91,0.79,0.86,24317,12642.551,1.0
2006-11-03,0.85,0.87,0.83,0.86,15105,7895.527,1.0
2006-11-06,0.86,0.86,0.83,0.84,14852,7693.241,1.0
2006-11-07,0.84,0.84,0.8,0.8,22292,11288.782,1.0
2006-11-08,0.81,0.83,0.79,0.82,17488,8836.453,1.0
2006-11-09,0.83,0.84,0.81,0.83,12769,6553.595,1.0
2006-11-10,0.84,0.84,0.77,0.78,17337,8771.188,1.0
2006-11-13,0.86,0.9,0.83,0.9,44208,23723.068,1.0
2006-11-14,0.93,1.03,0.92,1.03,150462,87719.256,1.0
2006-11-15,1.03,1.04,0.95,0.99,71890,41714.967,1.0
2006-11-16,0.99,1.03,0.95,0.97,43943,25488.082,1.0
2006-11-17,0.93,0.96,0.92,0.94,36541,20286.115,1.0
2006-11-20,0.95,0.95,0.84,0.86,45529,24195.486,1.0
2006-11-21,0.86,0.86,0.81,0.84,40146,20621.825,1.0
2006-11-22,0.84,0.87,0.82,0.86,30120,15684.026,1.0
2006-11-23,0.86,0.89,0.84,0.89,34295,18058.363,1.0
2006-11-24,0.88,0.89,0.85,0.87,19204,10161.071,1.0
2006-11-27,0.86,0.9,0.84,0.9,30341,16237.92,1.0
2006-11-28,0.9,0.91,0.88,0.89,22585,12166.727,1.0
2006-11-29,0.87,0.93,0.86,0.93,37411,20381.557,1.0
2006-11-30,0.94,0.97,0.93,0.94,47351,26683.419,1.0
2006-12-01,0.94,0.97,0.92,0.94,36442,20508.471,1.0
2006-12-04,0.94,0.96,0.92,0.95,28584,15946.913,1.0
2006-12-05,0.95,1.08,0.93,1.08,74341,43562.043,1.0
2006-12-06,1.07,1.07,0.96,1.02,60608,35761.476,1.0
2006-12-07,1.01,1.05,0.98,0.98,28504,16868.096,1.0
2006-12-08,0.96,1.04,0.94,1.02,42335,24646.244,1.0
2006-12-11,1.02,1.16,1.0,1.14,95526,60055.24,1.0
2006-12-12,1.15,1.28,1.13,1.25,127890,85882.51,1.0
2006-12-13,1.25,1.3,1.24,1.24,90119,62542.284,1.0
2006-12-14,1.24,1.41,1.19,1.39,102702,73411.958,1.0
2006-12-15,1.39,1.52,1.38,1.41,107862,82692.578,1.0
2006-12-18,1.39,1.5,1.36,1.47,84755,64163.948,1.0
2006-12-19,1.48,1.51,1.41,1.47,64611,49940.17,1.0
2006-12-20,1.46,1.55,1.43,1.48,74528,58402.166,1.0
2006-12-21,1.46,1.53,1.35,1.36,59597,45060.311,1.0
2006-12-22,1.34,1.39,1.3,1.36,56495,40740.266,1.0
2006-12-25,1.34,1.47,1.34,1.45,60498,45560.989,1.0
2006-12-27,1.53,1.6,1.45,1.5,105803,83876.14,1.0
2006-12-28,1.51,1.58,1.49,1.54,85143,68173.439,1.0
2006-12-29,1.51,1.63,1.51,1.61,62443,51009.699,1.0
2007-01-04,1.62,1.76,1.61,1.65,52178,45433.832,1.0
2007-01-05,1.63,1.86,1.62,1.86,68755,62229.526,1.0
2007-01-08,1.87,2.02,1.87,1.92,52887,50616.066,1.0
2007-01-09,1.9,1.95,1.84,1.92,28927,27465.544,1.0
2007-01-10,1.92,2.02,1.88,1.97,38789,37951.313,1.0
2007-01-11,1.96,2.02,1.93,1.97,31379,30681.957,1.0
2007-01-12,1.99,2.02,1.82,1.86,39627,38098.386,1.0
2007-01-15,1.85,1.96,1.82,1.94,36624,34719.7,1.0
2007-01-16,1.94,2.17,1.94,2.17,53922,55550.361,1.0
2007-01-17,2.2,2.27,1.95,1.97,48907,49813.252,1.0
2007-01-18,1.96,2.05,1.91,2.0,47697,46381.94,1.0
2007-01-19,2.0,2.18,2.0,2.17,64780,66913.743,1.0
2007-01-22,2.2,2.27,2.15,2.21,38393,41132.124,1.0
2007-01-23,2.24,2.3,2.05,2.23,39117,41157.571,1.0
2007-01-24,2.22,2.23,2.13,2.2,34990,37212.315,1.0
2007-01-25,2.17,2.22,2.0,2.02,43682,44510.794,1.0
2007-01-26,1.98,1.99,1.78,1.84,68391,62636.77,1.0
2007-01-29,1.83,1.9,1.81,1.88,35508,33084.184,1.0
2007-01-30,1.89,1.92,1.78,1.8,39463,36182.56,1.0
2007-01-31,1.79,1.84,1.57,1.57,67440,57359.176,1.0
2007-02-01,1.55,1.78,1.54,1.69,77115,64385.304,1.0
2007-02-02,1.67,1.71,1.58,1.61,38560,32794.431,1.0
2007-02-05,1.6,1.75,1.6,1.7,30997,26699.856,1.0
2007-02-06,1.7,1.75,1.69,1.75,17247,15114.194,1.0
2007-02-07,1.75,1.76,1.69,1.72,31892,28072.941,1.0
2007-02-08,1.73,1.74,1.67,1.7,25413,21988.258,1.0
2007-02-09,1.71,1.81,1.7,1.77,30175,27062.313,1.0
2007-02-12,1.78,1.84,1.78,1.81,21766,19881.167,1.0
2007-02-13,1.85,1.85,1.76,1.79,28432,25606.43,1.0
2007-02-14,1.8,1.88,1.78,1.86,30521,28231.878,1.0
2007-02-15,1.87,2.07,1.87,2.05,48410,47837.675,1.0
2007-02-16,2.04,2.17,2.03,2.09,44221,45613.924,1.0
2007-02-26,2.11,2.18,2.03,2.14,31997,33057.68,1.0
2007-02-27,2.13,2.22,1.88,1.88,44448,44870.262,1.0
2007-03-01,2.06,2.07,1.89,1.93,53477,52396.116,1.0
2007-03-02,1.95,1.95,1.82,1.86,37473,34923.368,1.0
2007-03-05,1.84,1.86,1.73,1.81,39921,36333.54,1.0
2007-03-06,1.83,1.89,1.8,1.84,21106,19548.876,1.0
2007-03-07,1.87,1.92,1.85,1.91,29892,28107.369,1.0
2007-03-08,1.92,1.94,1.87,1.93,28151,26792.151,1.0
2007-03-09,1.93,1.93,1.82,1.85,35279,32827.298,1.0
2007-03-12,1.86,1.86,1.79,1.82,44133,40185.97,1.0
2007-03-13,1.83,2.05,1.81,2.05,105477,104691.692,1.0
2007-03-14,2.1,2.3,2.0,2.3,156809,166695.913,1.0
2007-03-15,2.32,2.49,2.24,2.3,125565,142436.462,1.0
2007-03-16,2.29,2.57,2.19,2.53,116770,132655.596,1.0
2007-03-19,2.4,2.64,2.35,2.48,103479,123839.489,1.0
2007-03-20,2.48,2.62,2.42,2.49,67633,81106.85,1.0
2007-03-21,2.5,2.54,2.36,2.42,74126,85724.177,1.0
2007-03-22,2.41,2.47,2.37,2.43,47946,55504.014,1.0
2007-03-23,2.43,2.44,2.33,2.4,37331,42692.456,1.0
2007-03-26,2.4,2.48,2.38,2.43,60146,70053.006,1.0
2007-03-27,2.61,2.72,2.61,2.72,24494,31289.1,1.0
2007-03-28,2.96,2.98,2.72,2.84,212146,283625.887,1.0
2007-03-29,2.81,2.82,2.59,2.61,93167,118571.507,1.0
2007-03-30,2.59,2.69,2.55,2.62,36623,45628.621,1.0
2007-04-02,2.59,2.62,2.55,2.61,43331,53100.573,1.0
2007-04-03,2.62,2.76,2.57,2.73,63363,80059.496,1.0
2007-04-04,2.73,2.73,2.63,2.66,40791,51501.36,1.0
2007-04-05,2.66,2.72,2.59,2.67,48562,60489.573,1.0
2007-04-06,2.62,2.67,2.59,2.63,40968,51000.978,1.0
2007-04-09,2.62,2.71,2.6,2.67,50552,63411.488,1.0
2007-04-10,2.67,2.86,2.67,2.85,106326,138581.333,1.0
2007-04-11,2.81,2.88,2.74,2.79,57911,75766.389,1.0
2007-04-12,2.79,2.81,2.71,2.78,63272,81708.706,1.0
2007-04-13,2.79,2.91,2.78,2.82,94102,126393.514,1.0
2007-04-16,2.82,3.14,2.78,3.14,104725,146024.371,1.0
2007-04-30,3.5,3.5,3.5,3.5,3524,5630.713,1.0
2007-05-08,3.9,3.9,3.9,3.9,2072,3642.664,1.0
2007-05-09,4.33,4.33,4.07,4.33,135006,258528.937,1.0
2007-05-10,4.68,4.68,3.9,4.07,141061,263697.607,1.0
2007-05-11,3.97,4.1,3.78,3.99,74420,132873.202,1.0
2007-05-14,3.94,4.07,3.88,3.93,49098,87832.314,1.0
2007-05-15,3.9,3.9,3.51,3.58,81031,136954.635,1.0
2007-05-16,3.51,3.74,3.48,3.7,44787,73780.304,1.0
2007-05-17,3.66,4.04,3.65,3.91,46321,81248.817,1.0
2007-05-18,3.87,3.94,3.72,3.78,49559,85063.254,1.0
2007-05-21,3.61,3.84,3.53,3.79,51649,87181.52,1.0
2007-05-22,3.78,4.06,3.75,3.95,74552,131630.263,1.0
2007-05-23,3.93,4.12,3.88,4.04,62356,113661.895,1.0
2007-05-24,4.04,4.07,3.76,3.86,79685,139470.799,1.0
2007-05-25,3.82,3.89,3.7,3.86,52201,89927.276,1.0
2007-05-28,3.9,4.22,3.84,4.21,104169,188602.461,1.0
2007-05-29,4.17,4.32,4.1,4.2,81191,152717.118,1.0
2007-05-31,3.74,3.96,3.74,3.74,72500,124035.225,1.0
2007-06-01,3.75,3.8,3.32,3.32,90391,147101.148,1.0
2007-06-04,3.14,3.27,2.95,2.95,64027,89941.202,1.0
2007-06-05,2.95,2.95,2.61,2.74,64706,80781.382,1.0
2007-06-06,2.71,3.0,2.69,2.87,70885,95244.505,1.0
2007-06-07,2.84,3.09,2.84,3.05,72666,101759.446,1.0
2007-06-08,3.06,3.3,3.06,3.2,69149,102213.275,1.0
2007-06-11,3.22,3.46,3.2,3.25,52871,80954.06,1.0
2007-06-12,3.29,3.38,3.01,3.23,50509,74202.231,1.0
2007-06-13,3.3,3.51,3.23,3.51,72187,112355.054,1.0
2007-06-14,3.54,3.6,3.36,3.51,73307,115977.173,1.0
2007-06-15,3.56,3.9,3.56,3.9,109458,187992.671,1.0
2007-06-18,4.0,4.31,3.97,4.05,144922,269352.87,1.0
2007-06-19,4.04,4.25,3.88,4.17,77166,139889.504,1.0
2007-06-20,4.11,4.17,3.84,3.88,56717,102739.292,1.0
2007-06-21,3.88,4.07,3.7,4.0,55637,98366.206,1.0
2007-06-22,4.17,4.33,3.88,4.17,130802,242294.496,1.0
2007-06-25,4.13,4.13,3.71,3.71,59438,104563.312,1.0
2007-06-26,3.38,3.62,3.29,3.51,59679,92137.593,1.0
2007-06-27,3.56,3.62,3.41,3.55,42610,68444.037,1.0
2007-06-28,3.57,3.75,3.33,3.34,37258,60221.969,1.0
2007-06-29,3.03,3.26,2.97,2.99,40235,57496.046,1.0
2007-07-02,3.0,3.1,2.79,2.94,29298,40031.57,1.0
2007-07-03,2.99,3.07,2.91,3.07,26516,37100.185,1.0
2007-07-04,3.07,3.2,3.01,3.02,25460,36523.34,1.0
2007-07-06,2.77,3.2,2.72,3.14,39521,54795.77,1.0
2007-07-09,3.08,3.32,3.08,3.2,31504,46817.303,1.0
2007-07-10,3.21,3.57,3.14,3.57,116408,186190.744,1.0
2007-07-11,3.54,3.54,3.31,3.36,63509,98231.613,1.0
2007-07-12,3.37,3.58,3.32,3.54,42508,66753.307,1.0
2007-07-13,3.46,3.63,3.42,3.44,41554,66561.194,1.0
2007-07-16,3.5,3.5,3.18,3.19,30938,46969.952,1.0
2007-07-17,3.15,3.28,3.02,3.19,21614,31422.977,1.0
2007-07-18,3.18,3.25,3.09,3.13,15616,22807.496,1.0
2007-07-19,3.06,3.18,3.06,3.1,11008,15861.785,1.0
2007-07-20,3.11,3.25,3.11,3.21,14950,21925.999,1.0
2007-07-23,3.2,3.46,3.2,3.4,29069,44535.718,1.0
2007-07-24,3.43,3.72,3.43,3.54,56011,91468.257,1.0
2007-07-25,3.55,3.65,3.48,3.62,37916,61522.179,1.0
2007-07-26,3.62,3.84,3.62,3.71,43889,73933.389,1.0
2007-07-27,3.67,3.78,3.6,3.72,27993,46840.032,1.0
2007-07-30,3.81,3.9,3.76,3.82,37037,63734.244,1.0
2007-07-31,3.81,3.82,3.65,3.76,36546,61505.136,1.0
2007-08-01,3.76,3.8,3.41,3.43,43657,71248.099,1.0
2007-08-02,3.44,3.62,3.43,3.55,32688,52421.08,1.0
2007-08-03,3.65,3.65,3.51,3.58,28388,45949.647,1.0
2007-08-06,3.63,3.98,3.59,3.98,95994,167467.621,1.0
2007-08-07,3.98,4.09,3.86,3.96,64183,114137.22,1.0
2007-08-08,3.95,4.22,3.86,4.12,74709,136671.076,1.0
2007-08-09,4.12,4.37,4.03,4.26,68060,129440.862,1.0
2007-08-10,4.22,4.26,3.9,4.01,43971,79439.05,1.0
2007-08-13,4.11,4.15,3.85,3.86,33785,59772.244,1.0
2007-08-14,3.85,4.06,3.83,3.99,25020,44459.925,1.0
2007-08-15,4.02,4.06,3.75,3.86,27674,48119.343,1.0
2007-08-16,3.87,4.01,3.78,3.96,29224,51569.408,1.0
2007-08-17,3.95,4.17,3.89,3.98,36641,66126.68,1.0
2007-08-20,4.05,4.23,4.03,4.11,34174,62902.322,1.0
2007-08-21,4.12,4.41,4.07,4.39,75307,144000.212,1.0
2007-08-22,4.33,4.58,4.27,4.48,68750,136758.979,1.0
2007-08-23,4.42,4.42,4.2,4.32,70076,133926.134,1.0
2007-08-24,4.32,4.4,4.19,4.23,38242,72563.57,1.0
2007-08-27,4.25,4.69,4.2,4.59,68018,135220.483,1.0
2007-08-28,4.52,4.69,4.37,4.49,44648,89325.77,1.0
2007-08-29,4.44,4.47,4.25,4.26,38640,74426.868,1.0
2007-08-30,4.26,4.37,4.22,4.33,25456,48707.887,1.0
2007-08-31,4.34,4.48,4.31,4.38,27563,53545.367,1.0
2007-09-03,4.38,4.64,4.27,4.54,55422,108961.101,1.0
2007-09-04,4.58,4.65,4.39,4.46,35450,70558.527,1.0
2007-09-05,4.4,4.45,4.23,4.29,47890,91778.261,1.0
2007-09-06,4.3,4.39,4.22,4.33,39486,75024.118,1.0
2007-09-07,4.27,4.36,4.05,4.06,52336,97372.391,1.0
2007-09-10,4.0,4.13,3.88,4.1,28023,50178.985,1.0
2007-09-11,4.04,4.1,3.65,3.66,41432,73003.965,1.0
2007-09-12,3.68,3.86,3.68,3.76,26062,44365.956,1.0
2007-09-13,3.78,4.04,3.76,3.98,32475,57410.351,1.0
2007-09-14,3.99,4.04,3.84,4.0,27748,49127.58,1.0
2007-09-17,4.0,4.09,3.99,4.02,25864,46791.383,1.0
2007-09-18,4.02,4.07,3.88,3.92,26322,46352.515,1.0
2007-09-19,3.95,4.04,3.85,3.89,17679,31164.996,1.0
2007-09-20,3.85,4.2,3.85,4.17,50055,91037.021,1.0
2007-09-21,4.2,4.22,3.96,4.11,24625,44638.846,1.0
2007-09-24,4.11,4.46,4.11,4.34,58357,112270.41,1.0
2007-09-25,4.34,4.39,4.2,4.3,35317,67395.095,1.0
2007-09-26,4.27,4.34,4.05,4.07,18611,34820.731,1.0
2007-09-27,4.17,4.17,3.98,4.08,16571,29848.038,1.0
2007-09-28,4.22,4.22,4.07,4.14,26794,49410.313,1.0
2007-10-08,4.28,4.36,4.14,4.16,35414,67067.813,1.0
2007-10-09,4.12,4.58,4.12,4.47,62568,122446.326,1.0
2007-10-10,4.49,4.66,4.4,4.49,47923,96411.724,1.0
2007-10-11,4.49,4.98,4.44,4.98,93207,200015.472,1.0
2007-10-12,5.04,5.52,4.99,5.52,150425,352410.171,1.0
2007-10-15,5.63,6.11,5.26,6.11,84623,217538.874,1.0
2007-10-16,6.19,6.19,5.46,5.67,91141,227443.859,1.0
2007-10-17,5.71,6.01,5.57,5.83,64482,162781.259,1.0
2007-10-18,5.79,5.79,5.33,5.59,51916,125837.638,1.0
2007-10-19,5.56,5.68,5.21,5.31,42091,99785.817,1.0
2007-10-22,5.24,5.24,4.81,4.85,44669,98219.372,1.0
2007-10-23,4.88,5.1,4.72,5.0,35278,76158.606,1.0
2007-10-24,5.11,5.24,4.84,4.87,44941,99417.521,1.0
2007-10-25,4.76,4.87,4.34,4.34,67284,131538.513,1.0
2007-10-26,4.27,4.31,3.87,3.91,49958,90273.728,1.0
2007-10-29,3.96,4.08,3.85,4.07,41439,73920.453,1.0
2007-10-30,4.12,4.28,4.01,4.25,31499,57769.58,1.0
2007-10-31,4.27,4.49,4.18,4.37,44624,85255.889,1.0
2007-11-01,4.37,4.37,4.1,4.1,26476,49355.017,1.0
2007-11-02,4.03,4.03,3.76,3.83,35932,62326.646,1.0
2007-11-05,3.78,4.0,3.73,3.92,21025,36438.133,1.0
2007-11-06,3.93,4.13,3.86,3.99,14630,26257.429,1.0
2007-11-07,4.01,4.12,3.92,3.99,13921,25008.44,1.0
2007-11-08,3.95,3.99,3.65,3.67,16990,29161.515,1.0
2007-11-09,3.68,3.75,3.56,3.65,12309,20332.309,1.0
2007-11-12,3.63,3.63,3.28,3.58,19603,30587.059,1.0
2007-11-13,3.6,3.7,3.46,3.69,20043,32592.012,1.0
2007-11-14,3.68,3.92,3.67,3.9,13693,23492.656,1.0
2007-11-15,3.86,4.14,3.86,4.04,30211,54576.48,1.0
2007-11-16,4.05,4.14,3.88,4.05,14915,27037.734,1.0
2007-11-19,4.07,4.1,3.85,3.92,22562,39898.084,1.0
2007-11-20,3.91,4.12,3.88,4.11,18258,33011.352,1.0
2007-11-21,4.1,4.14,3.95,4.0,12014,21773.701,1.0
2007-11-22,3.97,3.99,3.75,3.77,9507,16562.506,1.0
2007-11-23,3.74,3.85,3.72,3.83,7536,12846.314,1.0
2007-11-26,3.92,3.97,3.8,3.85,6758,11811.106,1.0
2007-11-27,3.83,3.91,3.8,3.87,3693,6382.606,1.0
2007-11-28,3.9,4.06,3.83,3.95,11773,20881.246,1.0
2007-11-29,3.95,4.15,3.93,4.14,26080,47750.783,1.0
2007-11-30,4.15,4.23,4.0,4.16,16602,30619.543,1.0
2007-12-03,4.13,4.47,4.04,4.32,23241,44813.81,1.0
2007-12-04,4.32,4.39,4.17,4.28,14436,27415.036,1.0
2007-12-05,4.27,4.35,4.22,4.3,10636,20262.108,1.0
2007-12-06,4.31,4.34,4.19,4.25,7459,14143.816,1.0
2007-12-07,4.25,4.39,4.15,4.31,15930,30169.309,1.0
2007-12-10,4.15,4.58,4.15,4.57,36390,71697.867,1.0
2007-12-11,4.57,4.59,4.43,4.52,21880,43483.817,1.0
2007-12-12,4.5,4.69,4.47,4.66,19625,39646.098,1.0
2007-12-13,4.57,4.69,4.27,4.32,15511,30860.47,1.0
2007-12-14,4.27,4.44,4.17,4.39,14351,27563.583,1.0
2007-12-17,4.39,4.4,4.25,4.39,9968,19158.873,1.0
2007-12-18,4.39,4.39,4.22,4.22,8325,15848.81,1.0
2007-12-19,4.23,4.44,4.23,4.34,9507,18333.6,1.0
2007-12-20,4.34,4.42,4.27,4.36,12803,24782.675,1.0
2007-12-21,4.29,4.51,4.29,4.5,21094,41473.75,1.0
2007-12-24,4.53,4.62,4.48,4.48,24144,48580.29,1.0
2007-12-25,4.49,4.68,4.47,4.61,22636,45740.347,1.0
2007-12-26,4.61,4.79,4.59,4.73,23183,48144.841,1.0
2007-12-27,4.72,4.89,4.66,4.68,30220,63896.903,1.0
2007-12-28,4.68,4.73,4.55,4.58,19105,38899.474,1.0
2008-01-02,4.58,4.86,4.58,4.83,17963,37809.106,1.0
2008-01-03,4.82,4.98,4.78,4.95,20272,43900.804,1.0
2008-01-04,4.96,5.0,4.84,4.91,16677,36039.783,1.0
2008-01-07,4.97,5.0,4.85,4.98,22378,48466.684,1.0
2008-01-08,5.01,5.17,4.79,4.86,22633,49727.986,1.0
2008-01-09,4.86,4.95,4.71,4.88,16194,34664.39,1.0
2008-01-10,4.93,4.93,4.71,4.71,27812,58795.488,1.0
2008-01-11,4.73,4.81,4.6,4.65,20999,43174.53,1.0
2008-01-14,4.58,4.76,4.56,4.71,20866,43004.609,1.0
2008-01-15,4.69,4.8,4.56,4.79,22770,46976.385,1.0
2008-01-16,4.78,4.78,4.59,4.64,19922,41164.807,1.0
2008-01-17,4.62,4.64,4.19,4.32,39233,76667.112,1.0
2008-01-18,4.31,4.39,4.11,4.26,26087,48997.473,1.0
2008-01-21,4.24,4.34,3.83,3.97,16389,30650.495,1.0
2008-01-22,3.87,3.87,3.54,3.54,25652,42112.304,1.0
2008-01-23,3.49,3.74,3.46,3.7,19195,31511.032,1.0
2008-01-24,3.73,3.89,3.67,3.81,21294,36089.068,1.0
2008-01-25,3.81,3.91,3.69,3.81,16075,27507.444,1.0
2008-01-28,3.78,3.8,3.42,3.45,18434,29599.219,1.0
2008-01-29,3.68,3.68,3.35,3.43,13773,21715.04,1.0
2008-01-30,3.5,3.61,3.37,3.5,13235,20811.315,1.0
2008-01-31,3.5,3.53,3.36,3.36,10150,15865.652,1.0
2008-02-01,3.37,3.46,3.09,3.15,12790,18890.952,1.0
2008-02-04,3.41,3.48,3.26,3.47,16013,24504.008,1.0
2008-02-05,3.43,3.47,3.34,3.42,17286,26794.068,1.0
2008-02-13,3.43,3.6,3.37,3.53,22340,35574.038,1.0
2008-02-14,3.53,3.6,3.53,3.57,10636,17203.364,1.0
2008-02-15,3.57,3.96,3.57,3.96,58148,101657.735,1.0
2008-02-18,4.06,4.13,3.97,4.1,51292,93188.384,1.0
2008-02-19,4.04,4.1,3.97,4.09,25242,45588.377,1.0
2008-02-20,4.05,4.29,4.05,4.12,37981,71017.761,1.0
2008-02-21,4.13,4.25,3.98,4.09,18415,33747.495,1.0
2008-02-22,4.03,4.15,3.81,3.88,22562,39814.101,1.0
2008-02-25,3.86,3.95,3.53,3.59,20702,34415.38,1.0
2008-02-26,3.75,3.75,3.46,3.61,11134,18138.529,1.0
2008-02-27,3.6,3.72,3.56,3.68,7602,12566.649,1.0
2008-02-28,3.73,3.84,3.7,3.75,12281,20871.989,1.0
2008-02-29,3.73,3.82,3.71,3.76,11700,19767.259,1.0
2008-03-03,3.77,3.93,3.73,3.92,13172,22854.918,1.0
2008-03-04,3.92,3.96,3.8,3.81,17632,30719.275,1.0
2008-03-05,3.75,4.14,3.7,4.14,48225,85586.144,1.0
2008-03-06,4.17,4.52,4.17,4.24,68578,131873.768,1.0
2008-03-07,4.19,4.2,4.02,4.04,19229,35096.553,1.0
2008-03-10,4.04,4.04,3.75,3.78,17123,29700.336,1.0
2008-03-11,3.78,4.0,3.78,3.9,12428,21639.484,1.0
2008-03-12,3.97,4.0,3.81,3.83,8950,15640.411,1.0
2008-03-13,3.79,3.84,3.41,3.57,17178,28176.352,1.0
2008-03-14,3.57,3.7,3.54,3.69,7930,12940.746,1.0
2008-03-17,3.31,3.69,3.28,3.28,38392,58421.874,1.0
2008-03-18,3.08,3.11,2.91,2.91,22619,30953.047,1.0
2008-03-19,2.86,3.06,2.6,2.93,33307,44325.967,1.0
2008-03-20,2.79,3.02,2.62,2.94,27809,36657.299,1.0
2008-03-21,2.93,3.23,2.8,3.13,39066,55029.072,1.0
2008-03-24,3.11,3.19,3.04,3.16,31579,45183.842,1.0
2008-03-25,3.16,3.18,3.04,3.11,24498,35033.187,1.0
2008-03-26,3.14,3.19,3.08,3.15,14856,21331.892,1.0
2008-03-27,3.06,3.06,2.79,2.79,18485,24612.497,1.0
2008-03-28,2.67,2.82,2.55,2.79,18275,23114.358,1.0
2008-03-31,2.74,2.74,2.47,2.47,19765,24037.002,1.0
2008-04-01,2.44,2.54,2.18,2.18,28853,31337.242,1.0
2008-04-02,2.18,2.25,1.92,1.92,30711,30005.543,1.0
2008-04-03,1.71,2.04,1.71,1.99,16254,15676.02,1.0
2008-04-07,1.98,2.19,1.93,2.16,22945,23519.185,1.0
2008-04-08,2.16,2.3,2.1,2.28,30992,32921.972,1.0
2008-04-09,2.28,2.33,2.14,2.27,30785,33098.452,1.0
2008-04-10,2.24,2.26,2.15,2.24,17300,18460.012,1.0
2008-04-11,2.22,2.31,2.22,2.26,26150,28401.164,1.0
2008-04-14,2.24,2.24,1.99,2.02,19205,19352.745,1.0
2008-04-15,1.95,2.08,1.86,2.07,10240,9909.489,1.0
2008-04-16,2.07,2.11,2.0,2.03,7824,7842.171,1.0
2008-04-17,2.05,2.1,1.9,1.96,7597,7447.846,1.0
2008-04-18,1.89,1.95,1.78,1.79,8984,8318.011,1.0
2008-04-21,1.97,2.0,1.83,1.98,22013,21014.237,1.0
2008-04-22,2.22,2.22,2.05,2.22,90393,95664.95,1.0
2008-04-23,2.24,2.49,2.2,2.49,96107,108279.822,1.0
2008-04-24,2.78,2.78,2.64,2.78,84331,108356.515,1.0
2008-04-25,2.79,3.09,2.74,2.99,102983,141754.587,1.0
2008-04-28,2.97,3.22,2.92,3.14,83192,118803.711,1.0
2008-04-29,3.04,3.13,2.99,3.09,66233,92976.449,1.0
2008-04-30,3.09,3.36,3.04,3.26,67964,98857.641,1.0
2008-05-05,3.26,3.39,3.12,3.38,62702,92547.262,1.0
2008-05-06,3.28,3.41,3.23,3.25,46026,69169.299,1.0
2008-05-07,3.25,3.33,3.12,3.16,63427,93519.349,1.0
2008-05-08,3.16,3.52,3.14,3.52,77261,117775.304,1.0
2008-05-09,3.52,3.63,3.28,3.4,75742,117952.248,1.0
2008-05-12,3.3,3.51,3.25,3.39,36117,55282.956,1.0
2008-05-13,3.25,3.35,3.13,3.21,47601,70323.149,1.0
2008-05-14,3.23,3.57,3.23,3.57,94308,150898.957,1.0
2008-05-15,3.62,3.65,3.44,3.46,67350,107937.228,1.0
2008-05-19,3.39,3.7,3.23,3.57,46447,73771.772,1.0
2008-05-20,3.56,3.6,3.25,3.25,36873,57308.664,1.0
2008-05-21,3.23,3.33,3.02,3.33,43015,62605.982,1.0
2008-05-22,3.31,3.35,3.2,3.2,24259,36366.779,1.0
2008-05-23,3.19,3.19,3.0,3.01,35043,49529.524,1.0
2008-05-26,2.95,2.96,2.79,2.8,21296,28541.967,1.0
2008-05-27,2.82,2.99,2.82,2.91,19376,26194.469,1.0
2008-05-28,2.93,3.08,2.87,3.02,17411,23958.972,1.0
2008-05-29,3.0,3.16,2.95,3.1,29499,41684.257,1.0
2008-05-30,3.16,3.2,2.98,3.0,34666,48752.677,1.0
2008-06-02,3.0,3.01,2.78,2.94,40497,53920.798,1.0
2008-06-03,2.91,2.96,2.84,2.86,19312,25747.023,1.0
2008-06-04,2.86,2.91,2.77,2.82,29094,38544.346,1.0
2008-06-05,2.74,2.86,2.69,2.7,18019,11573.451,1.0
2008-06-06,2.69,2.69,2.49,2.5,44533,27009.91,1.0
2008-06-10,2.37,2.5,2.21,2.24,50681,28277.488,1.0
2008-06-11,2.24,2.5,2.19,2.5,46555,26481.101,1.0
2008-06-12,2.72,2.8,2.64,2.8,124093,79590.07,1.0
2008-06-13,2.98,3.12,2.61,2.87,310633,211981.231,1.0
2008-06-16,2.69,2.81,2.54,2.59,149377,92080.673,1.0
2008-06-17,2.54,2.74,2.4,2.61,121133,73750.674,1.0
2008-06-18,2.53,2.79,2.33,2.71,168624,102905.967,1.0
2008-06-19,2.62,2.64,2.4,2.4,83350,49513.546,1.0
2008-06-20,2.24,2.51,2.12,2.3,87379,48722.65,1.0
2008-06-23,2.3,2.3,2.1,2.11,52801,27837.38,1.0
2008-06-24,2.1,2.24,2.09,2.21,45742,24316.491,1.0
2008-06-25,2.21,2.47,2.2,2.47,77725,44122.529,1.0
2008-06-26,2.52,2.68,2.47,2.6,99689,61015.366,1.0
2008-06-27,2.54,2.54,2.3,2.33,76431,43132.898,1.0
2008-06-30,2.22,2.47,2.2,2.39,39803,22530.795,1.0
2008-07-01,2.37,2.48,2.36,2.41,38287,21985.693,1.0
2008-07-02,2.45,2.51,2.37,2.43,37428,21715.321,1.0
2008-07-03,2.39,2.57,2.29,2.54,71436,41942.84,1.0
2008-07-04,2.52,2.68,2.5,2.56,69282,42052.25,1.0
2008-07-07,2.56,2.79,2.5,2.71,86762,54092.422,1.0
2008-07-08,2.71,2.78,2.63,2.69,74255,46831.948,1.0
2008-07-09,2.72,2.79,2.67,2.77,100230,63915.662,1.0
2008-07-10,2.73,2.94,2.67,2.73,114594,75496.602,1.0
2008-07-11,2.76,2.79,2.58,2.64,62372,38858.038,1.0
2008-07-14,2.62,2.68,2.56,2.67,37478,23159.85,1.0
2008-07-15,2.67,2.83,2.64,2.73,98573,63179.151,1.0
2008-07-16,2.72,3.05,2.59,3.05,164899,107523.889,1.0
2008-07-17,2.94,3.33,2.94,3.09,339093,246217.917,1.0
2008-07-18,2.99,3.08,2.74,2.92,148867,99295.9,1.0
2008-07-21,2.97,3.2,2.91,3.11,129309,91818.297,1.0
2008-07-22,3.11,3.43,3.07,3.34,181368,135986.651,1.0
2008-07-23,3.33,3.38,3.2,3.22,130357,97624.211,1.0
2008-07-24,3.23,3.36,3.17,3.25,120090,89247.576,1.0
2008-07-25,3.23,3.36,3.11,3.26,98290,72625.794,1.0
2008-07-28,3.21,3.31,3.16,3.23,69493,51446.842,1.0
2008-07-29,3.21,3.21,3.0,3.04,73675,52610.628,1.0
2008-07-30,3.08,3.18,3.04,3.12,64094,45904.325,1.0
2008-07-31,3.13,3.17,2.95,2.96,50837,35456.016,1.0
2008-08-01,2.96,3.06,2.85,3.02,48116,32882.375,1.0
2008-08-04,2.96,3.01,2.86,2.88,33101,22508.622,1.0
2008-08-05,2.88,3.12,2.88,2.9,46176,31853.082,1.0
2008-08-06,2.94,2.97,2.79,2.86,37769,25157.191,1.0
2008-08-07,2.87,2.88,2.66,2.73,40128,25721.536,1.0
2008-08-08,2.75,2.79,2.41,2.41,45137,27172.519,1.0
2008-08-11,2.4,2.4,2.13,2.13,37475,20000.051,1.0
2008-08-12,2.11,2.19,2.0,2.16,36270,18678.268,1.0
2008-08-13,2.17,2.18,2.01,2.17,30449,15649.322,1.0
2008-08-14,2.17,2.22,2.13,2.18,21437,11238.478,1.0
2008-08-15,2.18,2.27,2.12,2.18,25833,13732.097,1.0
2008-08-18,2.19,2.22,1.92,1.92,39082,19304.522,1.0
2008-08-19,1.92,1.97,1.79,1.92,28787,13587.285,1.0
2008-08-20,1.92,2.14,1.83,2.13,52144,26155.918,1.0
2008-08-21,2.1,2.12,1.88,1.94,50839,25003.449,1.0
2008-08-22,1.94,1.95,1.81,1.89,21475,9969.028,1.0
2008-08-25,1.92,1.98,1.86,1.89,18783,8878.959,1.0
2008-08-26,1.9,1.9,1.7,1.75,27309,12187.737,1.0
2008-08-27,1.75,1.86,1.64,1.81,32039,14121.57,1.0
2008-08-28,1.8,1.82,1.71,1.75,17759,7821.35,1.0
2008-08-29,1.75,1.84,1.75,1.8,26333,11802.624,1.0
2008-09-01,1.78,2.0,1.71,1.91,56117,26011.142,1.0
2008-09-02,1.84,1.96,1.76,1.86,41552,19292.363,1.0
2008-09-03,1.84,1.92,1.75,1.8,26661,12011.162,1.0
2008-09-04,1.8,1.83,1.76,1.78,23666,10556.176,1.0
2008-09-05,1.71,1.71,1.56,1.56,46113,19008.975,1.0
2008-09-08,1.55,1.55,1.37,1.37,50575,18711.49,1.0
2008-09-09,1.36,1.42,1.32,1.35,32937,11785.992,1.0
2008-09-10,1.36,1.44,1.17,1.41,68713,24303.48,1.0
2008-09-11,1.35,1.43,1.31,1.35,40475,14445.662,1.0
2008-09-12,1.3,1.38,1.3,1.32,21568,7664.159,1.0
2008-09-16,1.34,1.37,1.28,1.3,31878,11265.209,1.0
2008-09-17,1.3,1.36,1.28,1.3,19230,6719.796,1.0
2008-09-18,1.28,1.28,1.12,1.21,39995,13043.547,1.0
2008-09-19,1.38,1.38,1.34,1.38,49555,17957.842,1.0
2008-09-22,1.48,1.55,1.38,1.52,82027,31616.801,1.0
2008-09-23,1.45,1.52,1.36,1.39,50756,18849.829,1.0
2008-09-24,1.34,1.4,1.33,1.39,39267,14168.414,1.0
2008-09-25,1.39,1.44,1.34,1.42,70434,26089.923,1.0
2008-09-26,1.44,1.44,1.34,1.38,35917,13019.631,1.0
2008-10-06,1.36,1.36,1.23,1.24,37946,13032.654,1.0
2008-10-07,1.19,1.25,1.14,1.22,35157,11505.523,1.0
2008-10-08,1.17,1.23,1.15,1.17,29657,9670.631,1.0
2008-10-09,1.25,1.25,1.12,1.13,39134,12562.405,1.0
2008-10-10,1.08,1.08,0.98,0.98,86423,24727.089,1.0
2008-10-13,0.95,0.97,0.89,0.97,58829,16030.232,1.0
2008-10-14,1.01,1.02,0.91,0.91,64804,18193.306,1.0
2008-10-15,0.9,1.04,0.86,1.04,112651,31802.628,1.0
2008-10-16,1.0,1.18,0.93,1.07,211945,64686.628,1.0
2008-10-17,1.07,1.15,1.03,1.11,118701,36524.59,1.0
2008-10-20,1.11,1.15,1.02,1.1,93257,28155.61,1.0
2008-10-21,1.12,1.2,1.07,1.15,132480,41397.484,1.0
2008-10-22,1.12,1.13,1.04,1.05,83977,25578.359,1.0
2008-10-23,1.01,1.04,0.94,1.02,57006,16290.404,1.0
2008-10-24,1.03,1.07,0.98,1.02,45826,13441.899,1.0
2008-10-27,0.98,1.11,0.95,0.97,88392,25864.715,1.0
2008-10-28,0.92,1.09,0.88,1.09,104788,30111.975,1.0
2008-10-29,1.11,1.22,1.07,1.19,271632,86892.921,1.0
2008-10-30,1.14,1.26,1.12,1.21,198594,64500.384,1.0
2008-10-31,1.19,1.21,1.13,1.14,88596,28402.241,1.0
2008-11-03,1.12,1.18,1.09,1.17,83493,26420.432,1.0
2008-11-04,1.17,1.17,1.05,1.14,83532,25969.84,1.0
2008-11-05,1.16,1.3,1.16,1.3,228113,77262.824,1.0
2008-11-06,1.25,1.4,1.22,1.27,258218,90530.822,1.0
2008-11-07,1.26,1.36,1.24,1.35,176672,61620.251,1.0
2008-11-10,1.45,1.52,1.42,1.52,243706,93925.655,1.0
2008-11-11,1.57,1.72,1.56,1.58,345663,144621.099,1.0
2008-11-12,1.53,1.76,1.51,1.72,269638,113237.137,1.0
2008-11-13,1.75,1.9,1.71,1.89,365782,165227.894,1.0
2008-11-14,1.89,1.94,1.8,1.94,387145,180143.785,1.0
2008-11-17,1.87,2.05,1.82,1.97,467471,222682.085,1.0
2008-11-18,1.97,2.03,1.74,1.74,375229,172502.491,1.0
2008-11-19,1.7,1.83,1.58,1.79,337875,146729.484,1.0
2008-11-20,1.71,1.76,1.61,1.66,233152,99273.748,1.0
2008-11-21,1.58,1.8,1.53,1.73,286760,123193.03,1.0
2008-11-24,1.72,1.73,1.54,1.56,185066,76711.232,1.0
2008-11-25,1.62,1.68,1.57,1.67,164739,68039.717,1.0
2008-11-26,1.69,1.85,1.67,1.81,326771,146027.564,1.0
2008-11-27,2.0,2.02,1.8,1.82,385241,181981.195,1.0
2008-11-28,1.79,1.93,1.76,1.86,279088,129179.431,1.0
2008-12-01,1.83,1.95,1.81,1.91,262293,122622.725,1.0
2008-12-02,1.83,1.91,1.8,1.85,221451,101851.893,1.0
2008-12-03,1.91,2.03,1.85,2.01,344744,163923.632,1.0
2008-12-04,2.0,2.13,1.95,1.96,395975,195552.21,1.0
2008-12-05,1.95,2.1,1.9,2.08,244166,118231.339,1.0
2008-12-08,2.13,2.26,2.08,2.2,357029,187963.484,1.0
2008-12-09,2.2,2.23,2.11,2.15,220519,115288.789,1.0
2008-12-10,2.14,2.2,2.1,2.18,163012,85063.619,1.0
2008-12-11,2.18,2.19,1.99,2.0,209565,106028.295,1.0
2008-12-12,1.94,1.97,1.76,1.79,180555,82996.544,1.0
2008-12-15,1.8,1.87,1.76,1.82,137239,61757.788,1.0
2008-12-16,1.82,1.85,1.7,1.85,112725,50181.863,1.0
2008-12-17,1.85,1.94,1.85,1.88,151555,71214.406,1.0
2008-12-18,1.9,1.92,1.85,1.9,90465,42218.896,1.0
2008-12-19,1.9,2.1,1.89,2.03,201229,98432.608,1.0
2008-12-22,2.0,2.08,1.95,1.99,159847,78779.665,1.0
2008-12-23,2.0,2.03,1.75,1.75,158601,72986.298,1.0
2008-12-24,1.7,1.72,1.62,1.65,114239,48224.26,1.0
2008-12-25,1.66,1.7,1.62,1.67,78669,33121.441,1.0
2008-12-26,1.69,1.69,1.62,1.63,54750,22883.547,1.0
2008-12-29,1.61,1.68,1.55,1.67,82898,34249.697,1.0
2008-12-30,1.66,1.69,1.6,1.62,58907,24627.12,1.0
2008-12-31,1.62,1.65,1.56,1.58,52718,21697.122,1.0
2009-01-05,1.63,1.72,1.61,1.71,100518,42782.869,1.0
2009-01-06,1.68,1.8,1.67,1.8,140985,61907.575,1.0
2009-01-07,1.83,1.84,1.76,1.77,118095,52818.819,1.0
2009-01-08,1.72,1.75,1.63,1.66,88686,37863.064,1.0
2009-01-09,1.65,1.74,1.65,1.73,70096,30155.184,1.0
2009-01-12,1.73,1.8,1.7,1.75,90858,40100.358,1.0
2009-01-13,1.72,1.8,1.7,1.73,81794,35954.917,1.0
2009-01-14,1.71,1.92,1.7,1.9,212504,97364.057,1.0
2009-01-15,1.85,2.01,1.83,1.93,255851,120446.822,1.0
2009-01-16,1.93,1.97,1.85,1.89,175981,83338.355,1.0
2009-01-19,1.86,1.95,1.86,1.88,94362,44246.169,1.0
2009-01-20,1.83,1.85,1.76,1.85,132107,59432.714,1.0
2009-01-21,1.79,1.86,1.78,1.86,91194,41285.278,1.0
2009-01-22,1.89,1.9,1.84,1.86,102603,47495.586,1.0
2009-01-23,1.87,1.87,1.8,1.82,63961,29103.501,1.0
2009-02-02,1.85,1.97,1.82,1.94,143395,67655.478,1.0
2009-02-03,1.94,2.01,1.91,2.0,171440,82789.238,1.0
2009-02-04,2.01,2.05,1.95,2.03,210310,103196.09,1.0
2009-02-05,2.07,2.27,2.07,2.27,416753,219864.415,1.0
2009-02-06,2.35,2.53,2.27,2.38,607811,345603.36,1.0
2009-02-09,2.38,2.45,2.33,2.42,409490,232549.636,1.0
2009-02-10,2.38,2.68,2.32,2.63,425440,252117.644,1.0
2009-02-11,2.54,2.76,2.5,2.54,414731,254784.455,1.0
2009-02-12,2.54,2.62,2.35,2.5,303549,177830.658,1.0
2009-02-13,2.52,2.67,2.52,2.63,332531,202840.481,1.0
2009-02-16,2.63,2.93,2.58,2.93,456313,293161.218,1.0
2009-02-17,2.88,3.09,2.75,2.77,446369,299120.107,1.0
2009-02-18,2.68,2.85,2.55,2.6,262076,166118.671,1.0
2009-02-19,2.74,2.84,2.64,2.79,283884,182228.665,1.0
2009-02-20,2.83,2.89,2.7,2.86,263131,172320.345,1.0
2009-02-23,2.83,2.93,2.78,2.91,252628,169147.253,1.0
2009-02-24,2.89,3.14,2.64,3.0,449108,300743.779,1.0
2009-02-25,2.94,3.03,2.8,2.87,244657,164746.684,1.0
2009-02-26,2.87,2.98,2.54,2.54,278255,177548.18,1.0
2009-02-27,2.47,2.47,2.25,2.25,197188,109344.467,1.0
2009-03-02,2.15,2.36,2.11,2.31,145304,79473.03,1.0
2009-03-03,2.24,2.4,2.15,2.29,133639,74169.75,1.0
2009-03-04,2.34,2.52,2.34,2.5,215738,124720.252,1.0
2009-03-05,2.57,2.59,2.4,2.48,221204,130467.514,1.0
2009-03-06,2.43,2.54,2.36,2.49,173947,101236.733,1.0
2009-03-09,2.48,2.55,2.25,2.26,147212,83768.078,1.0
2009-03-10,2.24,2.38,2.2,2.37,97750,53810.608,1.0
2009-03-11,2.44,2.46,2.32,2.35,109061,62042.109,1.0
2009-03-12,2.33,2.39,2.22,2.39,112360,62559.099,1.0
2009-03-13,2.42,2.51,2.34,2.44,182349,105537.714,1.0
2009-03-16,2.4,2.44,2.35,2.43,101496,58098.942,1.0
2009-03-17,2.46,2.53,2.41,2.52,173457,102056.774,1.0
2009-03-18,2.53,2.63,2.52,2.53,211011,128158.255,1.0
2009-03-19,2.56,2.62,2.51,2.59,174478,105421.575,1.0
2009-03-20,2.59,2.74,2.54,2.72,321435,200005.282,1.0
2009-03-23,2.73,2.93,2.69,2.86,356365,233669.708,1.0
2009-03-24,2.98,3.03,2.8,2.81,309223,206844.975,1.0
2009-03-25,2.77,2.92,2.73,2.73,245387,161544.834,1.0
2009-03-26,2.74,2.94,2.74,2.91,274002,181146.176,1.0
2009-03-27,3.0,3.19,2.94,3.04,426073,301568.16,1.0
2009-03-30,3.11,3.11,2.94,2.98,255111,177022.524,1.0
2009-03-31,2.85,2.97,2.82,2.93,196354,131400.581,1.0
2009-04-01,2.96,3.27,2.95,3.27,396821,290799.599,1.0
2009-04-02,3.43,3.47,3.2,3.21,634418,480678.224,1.0
2009-04-03,3.23,3.35,3.09,3.15,305047,224061.001,1.0
2009-04-07,3.16,3.21,3.12,3.21,191959,139483.081,1.0
2009-04-08,3.19,3.2,2.94,2.94,262268,185297.319,1.0
2009-04-09,2.91,3.04,2.86,3.03,177003,121279.917,1.0
2009-04-10,3.04,3.27,3.01,3.19,267438,192721.943,1.0
2009-04-13,3.26,3.26,3.12,3.14,245574,177892.066,1.0
2009-04-14,3.12,3.13,3.03,3.1,201466,142625.556,1.0
2009-04-15,3.08,3.18,2.99,3.13,219167,155941.823,1.0
2009-04-16,3.1,3.3,3.04,3.21,305444,220959.637,1.0
2009-04-17,3.19,3.26,3.05,3.07,229526,164921.75,1.0
2009-04-20,3.03,3.12,2.99,3.11,164147,116191.285,1.0
2009-04-21,3.08,3.18,3.03,3.1,142072,101135.77,1.0
2009-04-22,3.13,3.41,3.1,3.22,578608,429402.893,1.0
2009-04-23,3.11,3.14,2.93,3.06,260589,182617.416,1.0
2009-04-24,3.09,3.21,3.03,3.07,171340,122306.213,1.0
2009-04-27,3.03,3.07,2.79,2.81,166524,112534.178,1.0
2009-04-28,2.79,2.88,2.77,2.86,106685,70251.388,1.0
2009-04-29,2.84,2.96,2.84,2.94,120505,81204.836,1.0
2009-04-30,2.95,3.08,2.91,3.02,158101,108999.893,1.0
2009-05-04,3.02,3.33,3.02,3.31,360855,264268.119,1.0
2009-05-06,3.29,3.69,3.26,3.65,622630,501197.007,1.0
2009-05-07,3.63,3.68,3.47,3.65,349314,283354.966,1.0
2009-05-08,3.62,3.88,3.59,3.74,363732,305368.998,1.0
2009-05-11,3.78,3.93,3.59,3.66,500769,425299.343,1.0
2009-05-12,3.55,3.92,3.54,3.88,434366,369410.762,1.0
2009-05-13,3.9,3.91,3.73,3.77,341850,292442.451,1.0
2009-05-14,3.68,3.78,3.65,3.71,209536,174747.787,1.0
2009-05-15,3.73,3.82,3.64,3.71,173017,144341.796,1.0
2009-05-18,3.7,3.7,3.57,3.69,140615,115661.989,1.0
2009-05-19,3.68,3.81,3.66,3.71,289452,242932.727,1.0
2009-05-20,3.71,3.81,3.62,3.72,261676,220215.678,1.0
2009-05-21,3.67,3.68,3.52,3.57,256876,208551.808,1.0
2009-05-22,3.53,3.62,3.51,3.6,122443,99011.982,1.0
2009-05-25,3.46,3.64,3.41,3.61,157112,125111.829,1.0
2009-05-26,3.62,3.8,3.55,3.7,249743,208093.632,1.0
2009-05-27,3.69,3.76,3.65,3.66,154049,128696.924,1.0
2009-06-01,3.73,3.91,3.63,3.79,293513,250060.583,1.0
2009-06-02,3.81,4.21,3.78,4.2,571238,518004.046,1.0
2009-06-03,4.17,4.38,4.1,4.22,447613,421073.876,1.0
2009-06-04,4.15,4.3,4.06,4.22,260291,241745.154,1.0
2009-06-05,4.22,4.63,4.21,4.36,406084,399795.958,1.0
2009-06-08,4.25,4.53,4.21,4.29,267776,259719.684,1.0
2009-06-09,4.32,4.36,4.03,4.22,236510,220234.116,1.0
2009-06-10,4.26,4.32,4.17,4.23,160010,150861.369,1.0
2009-06-11,4.23,4.26,4.07,4.11,184860,170932.694,1.0
2009-06-12,4.12,4.22,4.04,4.21,214743,198167.344,1.0
2009-06-15,4.21,4.49,4.15,4.45,311214,300920.612,1.0
2009-06-16,4.37,4.66,4.33,4.52,301140,302530.982,1.0
2009-06-17,4.52,4.62,4.42,4.54,197910,198778.945,1.0
2009-06-18,4.57,4.58,4.39,4.48,198664,197280.602,1.0
2009-06-19,4.44,4.48,4.33,4.4,176034,171529.82,1.0
2009-06-22,4.44,4.44,4.28,4.31,130727,126863.577,1.0
2009-06-23,4.25,4.44,4.2,4.38,160351,154292.807,1.0
2009-06-24,4.37,4.56,4.36,4.49,172846,171960.662,1.0
2009-06-25,4.49,4.56,4.35,4.37,140586,137705.579,1.0
2009-06-26,4.37,4.49,4.33,4.41,128136,125704.465,1.0
2009-06-29,4.37,4.43,4.33,4.38,121247,117611.941,1.0
2009-06-30,4.39,4.85,4.34,4.79,405468,414822.769,1.0
2009-07-01,4.71,4.9,4.64,4.79,260803,273656.899,1.0
2009-07-02,4.77,5.1,4.72,4.88,318557,345462.973,1.0
2009-07-03,4.85,5.41,4.76,5.41,334510,380061.75,1.0
2009-07-06,5.64,5.99,5.41,5.58,583090,717528.846,1.0
2009-07-07,5.46,5.58,5.31,5.45,286607,339741.777,1.0
2009-07-08,5.39,5.9,5.36,5.7,338548,419674.604,1.0
2009-07-09,5.71,5.97,5.6,5.73,268099,336203.228,1.0
2009-07-10,5.73,5.87,5.67,5.72,198357,247725.887,1.0
2009-07-13,5.68,5.7,5.48,5.58,202313,245823.358,1.0
2009-07-14,5.58,5.79,5.53,5.7,185470,229694.497,1.0
2009-07-15,5.68,6.09,5.64,6.02,279664,353113.884,1.0
2009-07-16,6.02,6.36,5.9,5.95,330691,439475.381,1.0
2009-07-17,5.9,6.08,5.83,6.01,185330,239212.572,1.0
2009-07-20,6.02,6.29,6.01,6.13,234179,311226.908,1.0
2009-07-21,6.17,6.23,5.82,5.87,233737,302649.06,1.0
2009-07-22,5.8,5.97,5.75,5.88,216999,275782.09,1.0
2009-07-23,5.95,6.0,5.81,5.84,143320,182663.154,1.0
2009-07-24,5.88,6.12,5.81,6.08,304623,395724.959,1.0
2009-07-27,6.1,6.67,5.96,6.5,402065,548603.164,1.0
2009-07-28,6.44,6.58,6.32,6.39,271830,378203.468,1.0
2009-07-29,6.29,6.41,5.71,5.74,322962,421863.768,1.0
2009-07-30,5.77,5.92,5.4,5.8,258092,318035.404,1.0
2009-07-31,5.87,6.07,5.71,6.0,239616,307074.221,1.0
2009-08-03,6.0,6.12,5.95,6.03,189345,247490.217,1.0
2009-08-04,6.08,6.08,5.69,5.81,277457,350361.849,1.0
2009-08-05,5.8,5.96,5.62,5.85,191833,242392.307,1.0
2009-08-06,5.74,5.82,5.51,5.57,179522,220324.927,1.0
2009-08-07,5.63,5.65,5.2,5.24,196793,233449.419,1.0
2009-08-10,5.28,5.39,5.07,5.23,146299,167802.171,1.0
2009-08-11,5.26,5.44,5.23,5.43,118340,138346.539,1.0
2009-08-12,5.4,5.4,5.09,5.13,117716,134207.916,1.0
2009-08-13,5.17,5.23,5.03,5.18,99815,112574.283,1.0
2009-08-14,5.21,5.36,5.11,5.15,184038,211275.876,1.0
2009-08-17,4.96,4.96,4.6,4.6,143137,149049.716,1.0
2009-08-18,4.5,4.72,4.37,4.64,122539,123264.74,1.0
2009-08-19,4.64,4.64,4.13,4.13,148711,143409.093,1.0
2009-08-20,4.15,4.37,4.14,4.29,145266,137631.316,1.0
2009-08-21,4.3,4.75,4.25,4.75,342251,353194.082,1.0
2009-08-24,4.81,5.14,4.76,5.04,381120,412855.286,1.0
2009-08-25,4.91,4.94,4.66,4.85,211134,223082.301,1.0
2009-08-26,4.76,5.14,4.72,4.97,180697,197405.662,1.0
2009-08-27,4.92,5.14,4.84,5.0,162862,179192.121,1.0
2009-08-28,5.01,5.08,4.85,4.87,137159,149331.309,1.0
2009-08-31,4.76,4.76,4.34,4.34,171634,170963.118,1.0
2009-09-01,4.39,4.55,4.32,4.41,122248,120895.16,1.0
2009-09-02,4.46,4.56,4.38,4.52,90608,90054.001,1.0
2009-09-03,4.61,5.01,4.61,5.01,249973,269015.797,1.0
2009-09-04,5.08,5.21,4.97,5.09,319098,355590.522,1.0
2009-09-07,5.07,5.36,4.98,5.26,307317,348554.981,1.0
2009-09-08,5.21,5.49,5.08,5.41,236386,273158.47,1.0
2009-09-09,5.39,5.5,5.25,5.36,230196,269909.169,1.0
2009-09-10,5.26,5.6,5.1,5.41,257230,300778.118,1.0
2009-09-11,5.32,5.61,5.3,5.44,249365,299169.24,1.0
2009-09-14,5.46,5.54,5.4,5.45,181955,216582.01,1.0
2009-09-15,5.45,5.6,5.32,5.5,202079,240642.19,1.0
2009-09-16,5.46,5.84,5.4,5.67,306335,375359.188,1.0
2009-09-17,5.67,5.73,5.61,5.66,218323,269468.841,1.0
2009-09-18,5.64,5.69,5.16,5.3,233460,277867.186,1.0
2009-09-21,5.24,5.34,5.05,5.31,128029,145430.026,1.0
2009-09-22,5.22,5.44,5.16,5.16,126251,146481.863,1.0
2009-09-23,5.2,5.28,4.86,4.9,136094,150650.419,1.0
2009-09-24,4.86,4.95,4.61,4.78,119362,125927.629,1.0
2009-09-25,4.72,4.95,4.65,4.84,89540,95557.324,1.0
2009-09-28,4.89,5.01,4.66,4.71,79890,85624.069,1.0
2009-09-29,4.67,4.76,4.45,4.56,95426,96491.699,1.0
2009-09-30,4.62,4.76,4.56,4.58,71861,73747.197,1.0
2009-10-09,4.91,5.07,4.82,5.02,171199,186394.121,1.0
2009-10-12,5.02,5.02,4.84,4.88,114091,123177.598,1.0
2009-10-13,4.86,4.96,4.82,4.96,70413,75972.087,1.0
2009-10-14,4.96,5.08,4.94,4.99,126101,138710.953,1.0
2009-10-15,5.02,5.12,4.95,5.0,85771,94675.82,1.0
2009-10-16,4.99,5.03,4.87,5.02,82297,89508.469,1.0
2009-10-19,5.06,5.23,4.97,5.2,151969,171008.314,1.0
2009-10-20,5.22,5.29,5.11,5.26,146459,166504.223,1.0
2009-10-21,5.27,5.57,5.17,5.36,233491,274886.322,1.0
2009-10-22,5.36,5.48,5.26,5.31,130234,152586.654,1.0
2009-10-23,5.29,5.45,5.28,5.34,131638,153940.332,1.0
2009-10-26,5.34,5.34,5.18,5.21,111415,127674.918,1.0
2009-10-27,5.16,5.48,5.15,5.21,162965,189604.258,1.0
2009-10-28,5.18,5.26,5.09,5.22,92177,104516.336,1.0
2009-10-29,5.11,5.13,4.9,4.93,119011,130756.84,1.0
2009-10-30,5.07,5.07,4.93,4.96,91161,100181.833,1.0
2009-11-02,4.81,5.14,4.71,5.11,124535,135671.072,1.0
2009-11-03,5.14,5.33,5.11,5.23,129213,148205.347,1.0
2009-11-04,5.31,5.35,5.21,5.23,94629,108929.98,1.0
2009-11-05,5.23,5.45,5.21,5.39,171896,200601.289,1.0
2009-11-06,5.44,5.48,5.34,5.41,171209,202409.642,1.0
2009-11-09,5.41,5.59,5.37,5.52,200815,240302.034,1.0
2009-11-10,5.53,5.56,5.36,5.38,163217,193440.155,1.0
2009-11-11,5.38,5.46,5.32,5.38,97975,115089.459,1.0
2009-11-12,5.44,5.48,5.34,5.37,102632,121328.297,1.0
2009-11-13,5.36,5.54,5.33,5.52,149806,177427.474,1.0
2009-11-16,5.59,5.79,5.53,5.72,271749,335751.862,1.0
2009-11-17,5.75,5.77,5.61,5.68,144668,178685.076,1.0
2009-11-18,5.68,5.73,5.6,5.67,118050,145160.698,1.0
2009-11-19,5.69,6.1,5.63,5.99,359299,460460.921,1.0
2009-11-20,6.04,6.31,5.9,6.24,315850,417977.658,1.0
2009-11-23,6.29,6.68,6.29,6.49,348928,488773.36,1.0
2009-11-24,6.44,7.18,6.29,6.91,770355,1154529.464,1.0
2009-11-25,6.98,7.46,6.74,7.27,597624,912992.634,1.0
2009-11-26,7.17,7.28,6.5,6.5,473531,703859.622,1.0
2009-11-27,6.33,6.86,6.33,6.62,339155,482792.857,1.0
2009-11-30,6.74,7.28,6.71,7.0,347336,525597.95,1.0
2009-12-01,6.84,7.15,6.59,7.02,369936,544830.18,1.0
2009-12-02,7.03,7.75,6.78,7.56,462983,714815.45,1.0
2009-12-03,7.45,7.91,7.34,7.6,431073,703339.111,1.0
2009-12-04,7.66,7.87,7.09,7.29,369492,589940.114,1.0
2009-12-07,7.16,7.42,7.16,7.29,142768,224173.606,1.0
2009-12-08,7.3,7.32,6.98,7.05,228632,347697.433,1.0
2009-12-09,6.97,6.97,6.79,6.81,141655,209620.03,1.0
2009-12-10,6.93,7.11,6.85,6.97,124587,186679.821,1.0
2009-12-11,7.05,7.08,6.87,6.96,87944,131818.71,1.0
2009-12-14,6.98,7.12,6.74,7.05,116389,172433.571,1.0
2009-12-15,6.98,7.47,6.94,7.43,251055,391837.034,1.0
2009-12-16,7.35,7.5,7.25,7.28,132372,209273.959,1.0
2009-12-17,7.25,7.36,6.88,6.93,137760,208802.136,1.0
2009-12-18,6.8,6.9,6.53,6.58,124862,180676.508,1.0
2009-12-21,6.61,6.86,6.5,6.74,85574,123610.586,1.0
2009-12-22,6.8,6.8,6.35,6.42,103945,146229.989,1.0
2009-12-23,6.42,6.57,6.35,6.47,81501,113415.396,1.0
2009-12-24,6.47,6.81,6.47,6.73,101138,145614.901,1.0
2009-12-25,6.7,6.75,6.56,6.68,86231,123483.224,1.0
2009-12-28,6.68,6.9,6.66,6.8,94675,139001.958,1.0
2009-12-29,6.8,6.85,6.59,6.67,85819,124041.375,1.0
2009-12-30,6.64,6.71,6.47,6.61,107962,152837.896,1.0
2009-12-31,6.6,6.85,6.5,6.77,140860,203451.128,1.0
2010-01-04,6.78,7.08,6.75,6.94,160129,239799.373,1.0
2010-01-05,7.03,7.3,6.91,7.28,208828,319489.339,1.0
2010-01-06,7.28,7.66,7.2,7.36,270666,432560.072,1.0
2010-01-07,7.41,7.62,7.21,7.42,271116,430732.804,1.0
2010-01-08,7.33,7.92,7.3,7.83,333205,546537.254,1.0
2010-01-11,8.18,8.65,7.92,8.42,539231,963178.459,1.0
2010-01-12,8.29,8.62,8.02,8.19,365805,645950.757,1.0
2010-01-13,7.91,8.34,7.86,8.21,243689,422447.045,1.0
2010-01-14,8.14,8.56,8.07,8.49,229544,409858.911,1.0
2010-01-15,8.49,8.54,8.25,8.34,171735,306349.647,1.0
2010-01-18,8.36,8.61,8.23,8.52,174613,313840.116,1.0
2010-01-19,8.55,8.77,8.44,8.58,169452,310361.507,1.0
2010-01-20,8.59,8.65,7.87,7.94,211001,369755.926,1.0
2010-01-21,7.98,8.26,7.92,8.07,132618,228837.742,1.0
2010-01-22,7.87,8.08,7.43,7.56,195657,323333.182,1.0
2010-01-25,7.67,7.9,7.17,7.26,199311,319554.903,1.0
2010-01-26,7.23,7.32,6.79,6.89,139863,209624.255,1.0
2010-01-27,6.9,7.22,6.88,7.05,171097,260474.168,1.0
2010-01-28,7.05,7.26,6.94,7.24,83610,127291.0,1.0
2010-01-29,7.28,7.46,7.17,7.26,121557,191043.169,1.0
2010-02-01,7.22,7.23,6.79,6.84,113671,169127.18,1.0
2010-02-02,6.91,7.17,6.88,6.93,88011,132809.998,1.0
2010-02-03,7.02,7.67,6.98,7.67,347682,553451.751,1.0
2010-02-04,7.78,8.48,7.6,8.48,615972,1084086.056,1.0
2010-02-05,8.51,8.89,7.9,8.0,655299,1172260.379,1.0
2010-02-08,7.74,7.75,7.23,7.49,271475,435293.419,1.0
2010-02-09,7.35,7.71,7.23,7.34,194415,309590.688,1.0
2010-02-10,7.4,7.45,7.24,7.37,120169,189170.391,1.0
2010-02-11,7.34,7.41,7.05,7.08,134569,208673.008,1.0
2010-02-12,7.14,7.38,7.08,7.35,106230,165956.156,1.0
2010-02-22,7.38,8.05,7.28,7.73,249092,411924.492,1.0
2010-02-23,7.67,8.46,7.49,8.14,313811,535116.81,1.0
2010-02-24,8.14,8.24,7.88,8.06,174993,299293.895,1.0
2010-02-25,8.06,8.51,7.98,8.31,289423,514009.938,1.0
2010-02-26,8.26,8.39,8.12,8.15,145636,254611.644,1.0
2010-03-01,8.31,8.39,8.06,8.2,224500,393107.691,1.0
2010-03-02,8.21,8.24,7.86,7.89,215325,366024.984,1.0
2010-03-03,7.83,8.03,7.82,7.92,130208,220089.727,1.0
2010-03-04,7.92,8.04,7.54,7.58,159508,265975.779,1.0
2010-03-05,7.58,7.67,7.44,7.53,113892,183703.234,1.0
2010-03-08,7.61,7.99,7.6,7.75,159659,266205.403,1.0
2010-03-09,7.77,7.81,7.6,7.69,80243,131429.721,1.0
2010-03-10,7.69,7.77,7.58,7.61,66165,108474.704,1.0
2010-03-11,7.63,7.71,7.47,7.56,73273,118469.833,1.0
2010-03-12,7.57,7.96,7.53,7.75,181278,300880.706,1.0
2010-03-15,7.73,7.74,7.52,7.67,67861,110236.564,1.0
2010-03-16,7.75,7.97,7.61,7.94,200998,337266.827,1.0
2010-03-17,7.95,8.06,7.85,8.03,180525,306791.051,1.0
2010-03-18,8.02,8.04,7.88,7.94,123563,209302.68,1.0
2010-03-19,7.96,8.16,7.92,7.96,175530,300891.722,1.0
2010-03-22,7.92,7.92,7.68,7.78,167847,278400.479,1.0
2010-03-23,7.76,7.77,7.63,7.66,91712,150419.684,1.0
2010-03-24,7.66,7.72,7.62,7.7,87280,143076.202,1.0
2010-03-25,7.65,7.65,7.41,7.41,155211,248480.92,1.0
2010-03-26,7.38,7.47,7.32,7.46,71158,113180.806,1.0
2010-03-29,7.47,7.6,7.47,7.54,88828,143381.852,1.0
2010-03-30,7.55,7.59,7.37,7.44,114576,182171.346,1.0
2010-03-31,7.45,7.46,7.28,7.31,114491,179905.9,1.0
2010-04-01,7.32,7.5,7.32,7.46,110162,175447.01,1.0
2010-04-02,7.5,7.6,7.45,7.58,126926,205293.119,1.0
2010-04-06,7.59,7.71,7.53,7.67,133547,217465.59,1.0
2010-04-07,7.63,7.63,7.51,7.54,78347,126455.587,1.0
2010-04-08,7.61,7.91,7.61,7.73,250911,417539.673,1.0
2010-04-09,7.67,7.84,7.63,7.77,114638,189236.08,1.0
2010-04-12,7.77,7.77,7.48,7.54,159963,259672.612,1.0
2010-04-13,7.52,7.52,7.18,7.32,159251,250225.633,1.0
2010-04-14,7.32,7.52,7.28,7.47,90710,144554.536,1.0
2010-04-15,7.42,7.42,7.23,7.24,104855,163733.469,1.0
2010-04-16,7.25,7.33,7.19,7.26,62268,96848.111,1.0
2010-04-19,7.22,7.26,6.93,6.94,91393,138821.505,1.0
2010-04-20,6.94,7.02,6.65,6.9,84322,123715.133,1.0
2010-04-21,6.91,7.09,6.69,7.05,119884,177550.486,1.0
2010-04-22,7.03,7.25,6.81,7.14,136097,205712.117,1.0
2010-04-23,7.08,7.15,6.92,6.93,83268,125785.803,1.0
2010-04-26,6.95,7.15,6.89,7.11,83943,127017.646,1.0
2010-04-27,7.12,7.12,6.7,6.84,77332,113658.745,1.0
2010-04-29,6.93,6.98,6.49,6.51,75829,110491.916,1.0
2010-04-30,6.51,6.51,5.82,5.91,110757,143762.448,1.0
2010-05-04,5.71,5.82,5.51,5.6,66691,82241.153,1.0
2010-05-05,5.51,5.73,5.45,5.71,64504,79339.781,1.0
2010-05-06,5.71,5.94,5.6,5.64,73311,92344.774,1.0
2010-05-07,5.48,5.83,5.38,5.59,64830,79468.381,1.0
2010-05-10,5.58,5.77,5.5,5.64,63987,78675.049,1.0
2010-05-11,5.79,5.8,5.4,5.42,74424,90601.913,1.0
2010-05-12,5.36,5.44,4.96,5.03,79840,89924.135,1.0
2010-05-13,5.06,5.22,4.71,5.2,101964,111568.241,1.0
2010-05-14,5.11,5.26,5.02,5.13,70525,79465.348,1.0
2010-05-17,5.04,5.04,4.58,4.59,105223,110800.903,1.0
2010-05-18,4.59,4.72,4.44,4.66,99606,100699.217,1.0
2010-05-19,4.59,4.81,4.56,4.65,80494,83302.551,1.0
2010-05-20,4.62,4.99,4.57,4.74,118222,125196.263,1.0
2010-05-21,4.56,5.26,4.52,5.26,272260,300573.705,1.0
2010-05-24,5.35,5.78,5.26,5.68,301417,366166.024,1.0
2010-05-25,5.55,5.65,5.41,5.48,190539,229032.897,1.0
2010-05-26,5.41,5.7,5.36,5.63,160079,193330.45,1.0
2010-05-27,5.63,5.76,5.51,5.69,165843,205174.478,1.0
2010-05-28,5.72,5.77,5.62,5.66,122187,151145.975,1.0
2010-05-31,5.66,5.89,5.39,5.41,148033,183823.55,1.0
2010-06-01,5.35,5.39,4.97,5.16,129357,146644.114,1.0
2010-06-02,5.11,5.25,5.03,5.25,81206,91590.936,1.0
2010-06-03,5.26,5.3,5.07,5.09,80030,91199.701,1.0
2010-06-04,5.05,5.19,5.01,5.16,48302,54370.55,1.0
2010-06-07,5.05,5.17,4.99,5.15,54134,60776.314,1.0
2010-06-08,5.12,5.44,5.11,5.36,111365,129329.135,1.0
2010-06-09,5.38,5.55,5.26,5.52,102486,121033.086,1.0
2010-06-10,5.55,5.92,5.53,5.7,126626,132570.407,1.0
2010-06-11,5.67,5.7,5.52,5.56,137006,138826.257,1.0
2010-06-17,5.63,5.68,5.53,5.56,67808,68793.612,1.0
2010-06-18,5.56,5.6,5.33,5.36,79588,79140.346,1.0
2010-06-21,5.36,5.94,5.34,5.8,184075,191298.354,1.0
2010-06-22,5.8,5.92,5.73,5.78,114099,120316.537,1.0
2010-06-23,5.68,6.07,5.65,5.83,207326,220611.318,1.0
2010-06-24,5.83,6.03,5.72,5.87,128972,137193.029,1.0
2010-06-25,5.82,5.88,5.62,5.68,90879,94221.654,1.0
2010-06-28,5.69,5.79,5.56,5.63,49384,50684.86,1.0
2010-06-29,5.62,5.67,5.24,5.28,93457,92193.273,1.0
2010-06-30,5.21,5.27,4.86,5.02,76040,69933.238,1.0
2010-07-01,5.02,5.11,4.91,4.93,47577,43549.151,1.0
2010-07-02,4.91,4.98,4.41,4.86,84072,73303.309,1.0
2010-07-05,4.73,4.82,4.63,4.76,40441,35248.153,1.0
2010-07-06,4.84,5.2,4.83,5.11,111536,102835.52,1.0
2010-07-07,5.2,5.53,5.2,5.31,142927,139117.271,1.0
2010-07-08,5.31,5.37,5.11,5.25,86196,82241.623,1.0
2010-07-09,5.18,5.53,5.18,5.49,144984,143205.036,1.0
2010-07-12,5.49,5.59,5.44,5.51,91899,92264.992,1.0
2010-07-13,5.49,5.49,5.21,5.34,104176,100821.337,1.0
2010-07-14,5.34,5.49,5.33,5.4,67155,65947.69,1.0
2010-07-15,5.36,5.79,5.28,5.43,172083,174723.474,1.0
2010-07-16,5.27,5.39,5.15,5.36,122668,117723.661,1.0
2010-07-19,5.33,5.49,5.22,5.46,114553,112429.649,1.0
2010-07-20,5.52,5.8,5.47,5.69,229092,233853.966,1.0
2010-07-21,5.65,5.82,5.57,5.74,218674,225980.929,1.0
2010-07-22,5.7,5.78,5.63,5.75,139291,144347.742,1.0
2010-07-23,5.78,5.86,5.66,5.77,179295,187129.969,1.0
2010-07-26,5.76,5.91,5.71,5.87,177068,186273.507,1.0
2010-07-27,5.82,5.91,5.72,5.75,129629,135913.055,1.0
2010-07-28,5.74,6.05,5.65,5.97,248701,263957.722,1.0
2010-07-29,5.93,6.24,5.9,6.13,251598,275034.65,1.0
2010-07-30,6.09,6.09,5.92,6.03,152566,165685.89,1.0
2010-08-02,5.99,6.13,5.98,6.07,118988,130221.285,1.0
2010-08-03,6.07,6.1,5.83,5.85,147339,158938.025,1.0
2010-08-04,5.85,5.91,5.62,5.83,144843,151097.479,1.0
2010-08-05,5.74,6.04,5.73,5.96,158691,169927.014,1.0
2010-08-06,5.92,6.28,5.87,6.16,236901,261657.037,1.0
2010-08-09,6.15,6.2,6.11,6.2,135274,150402.071,1.0
2010-08-10,6.16,6.37,5.98,5.98,213218,238097.353,1.0
2010-08-11,5.96,6.27,5.92,6.27,279100,311034.065,1.0
2010-08-12,6.19,6.54,6.12,6.47,480275,554011.584,1.0
2010-08-13,6.41,6.49,6.24,6.47,235296,269491.41,1.0
2010-08-16,6.34,6.55,6.34,6.5,239339,278065.422,1.0
2010-08-17,6.52,6.63,6.45,6.54,196025,229871.362,1.0
2010-08-18,6.49,6.54,6.34,6.37,177869,204840.92,1.0
2010-08-19,6.38,6.44,6.24,6.37,167224,190691.848,1.0
2010-08-20,6.33,6.34,6.11,6.13,142745,159610.386,1.0
2010-08-23,6.13,6.25,6.13,6.16,82517,92047.03,1.0
2010-08-24,6.21,6.36,6.11,6.27,99724,112376.897,1.0
2010-08-25,6.19,6.28,5.98,6.02,108790,120175.891,1.0
2010-08-26,5.98,6.21,5.95,6.18,105677,116410.413,1.0
2010-08-27,6.15,6.43,6.15,6.37,220553,251585.922,1.0
2010-08-30,6.41,6.48,6.33,6.47,173003,199640.492,1.0
2010-08-31,6.51,6.65,6.45,6.5,214790,252871.558,1.0
2010-09-01,6.51,6.89,6.45,6.7,330921,397144.815,1.0
2010-09-02,6.75,7.41,6.59,7.33,596543,756592.467,1.0
2010-09-03,7.22,7.6,7.19,7.29,591550,783213.858,1.0
2010-09-06,7.27,7.27,7.04,7.16,276969,352218.891,1.0
2010-09-07,7.1,7.52,6.9,7.36,365471,475771.339,1.0
2010-09-08,7.24,7.45,7.1,7.27,219787,285500.788,1.0
2010-09-09,7.27,7.27,6.98,7.01,201902,257044.017,1.0
2010-09-10,6.98,7.06,6.69,6.93,159070,196909.126,1.0
2010-09-13,6.93,7.15,6.87,7.11,131424,166181.726,1.0
2010-09-14,7.22,7.56,7.17,7.43,342377,449851.285,1.0
2010-09-15,7.4,7.56,7.07,7.15,283684,370709.699,1.0
2010-09-16,7.04,7.13,6.79,6.88,151507,187438.015,1.0
2010-09-17,6.91,6.98,6.79,6.79,90555,111665.323,1.0
2010-09-20,6.86,6.89,6.65,6.67,82907,100238.838,1.0
2010-09-21,6.74,6.75,6.57,6.57,60681,72373.378,1.0
2010-09-27,6.6,6.87,6.6,6.86,88907,108260.163,1.0
2010-09-28,6.86,7.02,6.75,6.91,125082,154590.08,1.0
2010-09-29,6.89,6.96,6.66,6.68,91960,112150.212,1.0
2010-09-30,6.63,6.78,6.6,6.75,84679,101989.498,1.0
2010-10-08,7.12,7.25,6.99,7.06,209869,267701.194,1.0
2010-10-11,7.07,7.56,7.07,7.3,361216,473955.464,1.0
2010-10-12,7.3,8.07,7.21,7.98,587315,810198.627,1.0
2010-10-13,7.81,8.4,7.81,8.08,530752,762644.355,1.0
2010-10-14,8.08,8.17,7.64,7.92,398806,558643.552,1.0
2010-10-15,7.78,8.75,7.75,8.63,745484,1124034.415,1.0
2010-10-18,8.76,8.93,8.17,8.25,548578,829196.981,1.0
2010-10-19,8.25,8.44,8.05,8.34,332356,485996.944,1.0
2010-10-20,7.99,8.34,7.84,8.07,347816,498321.712,1.0
2010-10-21,8.13,8.91,8.0,8.91,662820,1031083.424,1.0
2010-10-22,8.86,9.41,8.64,8.96,601662,964436.693,1.0
2010-10-25,8.88,9.26,8.7,9.17,430336,686269.413,1.0
2010-10-26,9.17,10.13,9.11,10.13,589656,1031678.854,1.0
2010-10-27,10.14,10.21,9.59,9.63,510342,884728.264,1.0
2010-10-29,9.68,10.05,9.53,9.72,357076,612893.941,1.0
2010-11-01,9.75,10.71,9.75,10.37,390822,713395.451,1.0
2010-11-02,10.41,11.24,10.24,10.34,477508,897354.841,1.0
2010-11-03,10.42,10.77,9.67,9.78,365999,657273.85,1.0
2010-11-04,9.88,10.53,9.47,10.33,372308,657581.37,1.0
2010-11-05,10.66,11.4,10.17,11.4,621074,1179244.506,1.0
2010-11-08,11.12,12.57,11.06,11.95,518847,1073652.546,1.0
2010-11-09,11.82,12.71,11.6,12.45,405783,854291.244,1.0
2010-11-10,12.25,12.72,11.9,12.27,304785,656702.276,1.0
2010-11-11,12.22,12.58,11.59,11.88,375206,789544.245,1.0
2010-11-12,11.69,11.87,10.65,10.65,409106,797321.668,1.0
2010-11-15,10.65,10.8,9.93,10.45,337081,610392.407,1.0
2010-11-16,10.44,10.7,9.43,9.71,353208,629160.897,1.0
2010-11-17,9.48,9.95,9.04,9.25,268138,452386.062,1.0
2010-11-18,9.47,9.68,9.17,9.56,208557,348282.311,1.0
2010-11-19,9.64,9.72,9.15,9.7,258992,433070.245,1.0
2010-11-22,9.59,9.98,9.53,9.89,314084,539335.702,1.0
2010-11-23,9.78,9.79,8.89,9.15,308628,505594.63,1.0
2010-11-24,9.11,9.45,8.96,9.33,180404,295849.051,1.0
2010-11-25,9.39,9.73,9.24,9.62,268239,447174.806,1.0
2010-11-26,9.47,9.82,9.28,9.6,271604,458106.897,1.0
2010-11-29,9.47,9.6,9.2,9.38,173856,287314.779,1.0
2010-11-30,9.29,9.46,8.48,8.88,246491,389169.451,1.0
2010-12-01,8.82,9.09,8.76,8.89,127833,202048.015,1.0
2010-12-02,9.09,9.23,8.93,9.05,175928,282399.284,1.0
2010-12-03,9.06,9.94,8.9,9.63,365975,609060.388,1.0
2010-12-06,9.59,9.82,9.43,9.69,296918,505852.175,1.0
2010-12-07,9.59,10.09,9.36,9.95,276438,477493.382,1.0
2010-12-08,9.89,10.0,9.7,9.74,192864,334474.737,1.0
2010-12-09,9.64,9.99,9.51,9.54,192023,329923.577,1.0
2010-12-10,9.36,9.8,9.27,9.64,174731,293414.578,1.0
2010-12-13,9.64,10.12,9.64,10.11,271293,475426.407,1.0
2010-12-14,10.18,10.5,10.05,10.33,310850,561412.321,1.0
2010-12-15,10.24,10.38,10.03,10.08,229182,411485.546,1.0
2010-12-16,10.08,10.22,9.93,10.03,139666,247085.758,1.0
2010-12-17,10.04,10.17,9.95,10.08,98178,173892.44,1.0
2010-12-20,10.13,10.21,9.16,9.68,266280,452609.994,1.0
2010-12-21,9.68,9.76,9.48,9.73,154493,263204.525,1.0
2010-12-22,9.79,9.85,9.4,9.44,166188,280665.186,1.0
2010-12-23,9.44,9.46,9.14,9.17,137042,224306.172,1.0
2010-12-24,9.05,9.11,8.76,8.91,98613,155787.144,1.0
2010-12-27,8.93,9.22,8.7,8.71,113090,179878.235,1.0
2010-12-28,8.64,8.72,8.37,8.46,87892,133109.495,1.0
2010-12-29,8.44,8.69,8.44,8.66,55743,84682.706,1.0
2010-12-30,8.69,8.89,8.59,8.82,77397,120040.676,1.0
2010-12-31,8.82,9.26,8.82,9.17,111144,178912.698,1.0
2011-01-04,9.25,9.4,9.12,9.25,117636,192586.804,1.0
2011-01-05,9.25,9.25,9.05,9.11,89239,143647.973,1.0
2011-01-06,9.11,9.15,8.91,8.95,71876,114198.57,1.0
2011-01-07,8.91,9.03,8.78,8.83,71583,112437.476,1.0
2011-01-10,8.78,8.88,8.5,8.55,68888,106263.415,1.0
2011-01-11,8.52,8.52,8.24,8.43,72233,107446.305,1.0
2011-01-12,8.47,8.68,8.29,8.67,63375,95149.078,1.0
2011-01-13,8.7,8.75,8.52,8.53,44016,67167.786,1.0
2011-01-14,8.49,8.49,8.2,8.21,62171,91439.655,1.0
2011-01-17,8.18,8.18,7.53,7.56,97740,135416.305,1.0
2011-01-18,7.57,7.72,7.54,7.62,55708,75637.277,1.0
2011-01-19,7.72,7.95,7.66,7.94,87828,122587.156,1.0
2011-01-20,7.94,8.18,7.87,8.02,138646,198215.019,1.0
2011-01-21,7.93,8.0,7.67,7.92,96545,134931.108,1.0
2011-01-24,7.88,7.98,7.68,7.79,59409,82861.293,1.0
2011-01-25,7.7,7.82,7.49,7.54,57720,78396.23,1.0
2011-01-26,7.49,7.71,7.49,7.69,38808,52852.821,1.0
2011-01-27,7.7,7.93,7.59,7.85,67147,93392.561,1.0
2011-01-28,7.88,8.05,7.85,7.94,61452,86662.533,1.0
2011-01-31,7.94,8.14,7.87,8.08,69221,98800.233,1.0
2011-02-01,8.08,8.17,7.94,8.02,58766,83923.32,1.0
2011-02-09,7.99,8.12,7.79,7.81,62117,87967.099,1.0
2011-02-10,7.81,8.31,7.64,8.23,125445,178988.572,1.0
2011-02-11,8.16,8.37,8.11,8.27,103799,151997.006,1.0
2011-02-14,8.27,8.69,8.14,8.6,155200,234875.131,1.0
2011-02-15,8.6,8.79,8.48,8.51,162888,250141.952,1.0
2011-02-16,8.51,8.79,8.5,8.75,137915,212083.84,1.0
2011-02-17,8.85,8.86,8.56,8.67,122702,188851.131,1.0
2011-02-18,8.66,8.66,8.41,8.46,110478,166830.244,1.0
2011-02-21,8.39,8.73,8.33,8.72,106372,162335.193,1.0
2011-02-22,8.73,8.98,8.68,8.83,243732,381181.632,1.0
2011-02-23,8.73,9.23,8.64,9.17,247057,394894.529,1.0
2011-02-24,9.11,9.23,8.93,9.18,176657,283845.743,1.0
2011-02-25,9.2,9.7,9.07,9.56,263124,435418.434,1.0
2011-02-28,9.53,9.92,9.43,9.51,302885,515995.924,1.0
2011-03-01,9.51,9.91,9.44,9.75,252300,432252.854,1.0
2011-03-02,9.64,9.64,9.29,9.49,170097,283954.6,1.0
2011-03-03,9.49,9.58,9.22,9.26,116459,192688.802,1.0
2011-03-04,9.23,10.14,9.23,10.02,385666,670137.049,1.0
2011-03-07,9.99,10.2,9.84,10.08,279349,492914.244,1.0
2011-03-08,10.05,10.41,9.96,10.23,245830,442088.923,1.0
2011-03-09,10.24,10.33,9.98,10.06,179288,317933.883,1.0
2011-03-10,10.06,10.76,9.83,10.36,349988,635970.355,1.0
2011-03-11,10.33,10.56,10.12,10.13,176464,319532.282,1.0
2011-03-14,10.06,10.25,9.94,10.11,150082,265550.633,1.0
2011-03-15,10.04,10.39,9.66,9.83,189559,332951.048,1.0
2011-03-16,9.87,10.81,9.64,10.52,332289,598039.205,1.0
2011-03-17,10.33,10.66,10.12,10.17,205466,373302.842,1.0
2011-03-18,10.2,10.47,9.91,9.99,182402,324169.41,1.0
2011-03-21,9.99,9.99,9.72,9.74,119515,206089.938,1.0
2011-03-22,9.78,10.2,9.78,10.06,185986,329190.508,1.0
2011-03-23,10.01,10.28,9.82,10.22,162215,286915.238,1.0
2011-03-24,10.2,10.46,10.06,10.08,153394,276378.531,1.0
2011-03-25,10.08,10.41,10.03,10.35,215044,389164.189,1.0
2011-03-28,10.35,11.41,10.27,11.05,468023,898887.832,1.0
2011-03-29,10.86,11.16,10.54,10.62,274531,521565.059,1.0
2011-03-30,10.57,10.74,10.27,10.31,164417,302147.21,1.0
2011-03-31,10.47,10.59,10.04,10.14,152854,275703.084,1.0
2011-04-01,10.05,10.3,10.05,10.24,99667,178100.71,1.0
2011-04-06,10.24,10.34,9.99,10.08,113221,201713.19,1.0
2011-04-07,10.12,10.24,10.0,10.12,94024,167408.04,1.0
2011-04-08,10.14,10.59,10.07,10.46,175976,322895.989,1.0
2011-04-11,10.59,10.8,10.44,10.71,240864,451477.399,1.0
2011-04-12,10.68,10.82,10.44,10.5,198359,370888.671,1.0
2011-04-13,10.44,10.63,10.3,10.63,114237,210784.331,1.0
2011-04-14,10.63,10.72,10.19,10.29,151883,277441.152,1.0
2011-04-15,10.26,10.26,9.78,9.88,207191,362513.783,1.0
2011-04-18,9.79,9.86,9.59,9.76,127357,217507.916,1.0
2011-04-19,9.72,9.92,9.61,9.73,104600,180005.144,1.0
2011-04-20,9.77,9.88,9.72,9.79,66123,114059.904,1.0
2011-04-21,9.86,9.91,9.69,9.71,87079,149482.204,1.0
2011-04-22,9.66,9.72,9.59,9.66,60390,102648.651,1.0
2011-04-25,9.66,9.76,9.28,9.3,93769,157314.373,1.0
2011-04-26,9.26,9.26,8.82,8.91,93673,148797.275,1.0
2011-04-27,8.96,9.23,8.91,9.04,70323,112567.13,1.0
2011-04-29,8.52,8.91,8.38,8.89,92371,141005.315,1.0
2011-05-03,8.86,8.86,8.57,8.76,60693,93530.912,1.0
2011-05-04,8.7,8.75,8.37,8.39,80367,121396.442,1.0
2011-05-05,8.33,8.5,8.31,8.41,42529,63505.89,1.0
2011-05-06,8.38,8.72,8.3,8.63,70688,106972.162,1.0
2011-05-09,8.63,8.76,8.59,8.63,38188,58712.821,1.0
2011-05-10,8.64,8.78,8.56,8.73,48991,75337.451,1.0
2011-05-11,8.73,8.99,8.65,8.86,73854,116089.575,1.0
2011-05-12,8.76,9.16,8.72,8.87,93096,147656.043,1.0
2011-05-13,8.93,9.38,8.82,9.36,167528,270408.743,1.0
2011-05-16,9.35,9.41,9.06,9.09,105365,171118.187,1.0
2011-05-17,9.05,9.14,8.63,8.86,92794,145626.954,1.0
2011-05-18,8.81,9.22,8.76,9.16,85160,136498.566,1.0
2011-05-19,9.12,9.14,8.93,8.96,61030,97260.911,1.0
2011-05-20,8.92,9.05,8.78,8.91,57508,90585.554,1.0
2011-05-23,8.99,8.99,8.36,8.38,96096,146107.271,1.0
2011-05-24,8.27,8.41,8.07,8.24,75488,109951.825,1.0
2011-05-25,8.24,8.38,8.0,8.01,56543,82144.48,1.0
2011-05-26,8.05,8.22,7.87,7.88,49606,70686.867,1.0
2011-05-27,7.92,7.98,7.51,7.54,65501,89420.347,1.0
2011-05-30,7.5,7.56,7.28,7.37,62591,83095.944,1.0
2011-05-31,7.37,7.58,7.34,7.58,65874,87711.151,1.0
2011-06-01,7.54,7.66,7.49,7.59,49695,67189.323,1.0
2011-06-02,7.5,7.5,7.28,7.41,60444,79659.728,1.0
2011-06-03,7.42,7.75,7.41,7.67,82125,111645.884,1.0
2011-06-07,7.67,7.8,7.61,7.75,62992,86777.228,1.0
2011-06-08,7.75,8.04,7.72,7.96,89177,125692.225,1.0
2011-06-09,7.93,7.93,7.63,7.64,81865,113479.019,1.0
2011-06-10,7.6,7.69,7.47,7.66,50083,67857.42,1.0
2011-06-13,7.69,7.86,7.58,7.81,58215,80380.954,1.0
2011-06-14,7.78,8.05,7.75,7.96,86848,122261.959,1.0
2011-06-15,7.87,8.35,7.86,8.03,142553,206621.589,1.0
2011-06-16,7.87,7.87,7.57,7.64,77740,106936.491,1.0
2011-06-17,7.49,7.64,7.41,7.48,54271,72928.171,1.0
2011-06-20,7.41,7.56,7.38,7.54,33450,44572.966,1.0
2011-06-21,7.54,7.66,7.53,7.66,35324,47939.383,1.0
2011-06-22,7.68,7.72,7.41,7.54,49066,66112.657,1.0
2011-06-23,7.46,7.76,7.4,7.72,72580,98714.103,1.0
2011-06-24,7.68,8.0,7.63,7.92,114987,161063.33,1.0
2011-06-27,7.92,8.22,7.87,8.05,101519,145395.018,1.0
2011-06-28,8.08,8.15,7.92,8.07,81677,116402.931,1.0
2011-06-29,8.04,8.4,7.92,8.1,128333,185716.994,1.0
2011-06-30,8.1,8.2,8.04,8.13,80165,115803.611,1.0
2011-07-01,8.15,8.35,8.1,8.13,86870,126845.8,1.0
2011-07-04,8.14,8.43,8.13,8.43,147899,219469.887,1.0
2011-07-05,8.48,9.18,8.48,8.96,314572,492293.918,1.0
2011-07-06,8.93,9.14,8.8,9.08,182426,289857.627,1.0
2011-07-07,9.2,9.47,8.98,9.09,222386,362253.975,1.0
2011-07-08,8.99,9.19,8.82,9.04,117586,187008.961,1.0
2011-07-11,8.93,9.1,8.83,8.98,67383,106869.555,1.0
2011-07-12,8.83,8.91,8.7,8.73,83906,130473.522,1.0
2011-07-13,8.73,9.05,8.73,8.95,68206,107597.645,1.0
2011-07-14,9.05,9.46,8.96,9.25,156291,256045.162,1.0
2011-07-15,9.24,10.17,9.24,9.71,301679,516681.752,1.0
2011-07-18,9.82,9.82,9.5,9.56,128719,219471.434,1.0
2011-07-19,9.5,9.62,9.22,9.37,138937,230649.887,1.0
2011-07-20,9.47,9.49,9.04,9.18,131222,213101.096,1.0
2011-07-21,9.24,9.28,8.89,8.91,109335,174779.958,1.0
2011-07-22,8.92,8.99,8.8,8.93,84217,132689.082,1.0
2011-07-25,8.87,8.88,8.45,8.49,113921,174478.739,1.0
2011-07-26,8.47,8.66,8.39,8.64,70810,107113.135,1.0
2011-07-27,8.58,8.75,8.53,8.7,81734,125447.282,1.0
2011-07-28,8.58,8.88,8.58,8.76,83758,129765.046,1.0
2011-07-29,8.76,8.77,8.42,8.47,82119,124461.19,1.0
2011-08-01,8.52,8.6,8.46,8.53,51413,77673.138,1.0
2011-08-02,8.46,8.46,8.14,8.31,69966,102326.997,1.0
2011-08-03,8.24,8.45,8.15,8.41,56251,83111.115,1.0
2011-08-04,8.47,8.61,8.42,8.57,68040,102729.194,1.0
2011-08-05,8.21,8.44,8.05,8.24,62602,92202.821,1.0
2011-08-08,8.11,8.11,7.41,7.63,105786,145801.108,1.0
2011-08-09,7.29,7.78,7.09,7.55,107040,141462.282,1.0
2011-08-10,7.76,7.81,7.57,7.59,88264,121315.827,1.0
2011-08-11,7.39,7.73,7.28,7.73,74210,100653.17,1.0
2011-08-12,7.87,7.99,7.78,7.8,79667,111580.56,1.0
2011-08-15,7.88,8.02,7.76,7.99,66061,93277.824,1.0
2011-08-16,7.99,8.02,7.82,7.86,68957,97022.968,1.0
2011-08-17,7.88,7.95,7.73,7.75,44780,62206.751,1.0
2011-08-18,7.75,7.86,7.64,7.64,47585,65579.264,1.0
2011-08-19,7.4,7.54,7.37,7.52,55331,73465.296,1.0
2011-08-22,7.54,7.66,7.46,7.51,34554,46553.656,1.0
2011-08-23,7.73,7.73,7.57,7.67,55050,75059.111,1.0
2011-08-24,7.73,7.79,7.61,7.64,47491,65325.863,1.0
2011-08-25,7.63,7.89,7.6,7.89,65010,89931.57,1.0
2011-08-26,7.87,7.89,7.74,7.82,59692,83066.237,1.0
2011-08-29,7.82,7.85,7.74,7.76,36043,49976.29,1.0
2011-08-30,7.81,7.98,7.7,7.72,51116,71420.198,1.0
2011-08-31,7.7,7.78,7.52,7.64,39490,53793.463,1.0
2011-09-01,7.63,7.75,7.57,7.61,26717,36472.853,1.0
2011-09-02,7.62,7.62,7.46,7.49,31311,41885.308,1.0
2011-09-05,7.43,7.43,7.23,7.31,31912,41690.623,1.0
2011-09-06,7.25,7.34,7.23,7.31,26717,34799.904,1.0
2011-09-07,7.34,7.49,7.29,7.49,40824,53962.682,1.0
2011-09-08,7.51,7.56,7.37,7.37,33838,44940.641,1.0
2011-09-09,7.36,7.44,7.25,7.3,36054,47297.857,1.0
2011-09-13,7.18,7.23,7.07,7.16,33492,42705.805,1.0
2011-09-14,7.28,7.33,7.08,7.28,33738,43518.431,1.0
2011-09-15,7.31,7.38,7.27,7.28,31349,41004.978,1.0
2011-09-16,7.37,7.51,7.33,7.34,48996,64893.487,1.0
2011-09-19,7.25,7.27,7.1,7.11,33241,42555.863,1.0
2011-09-20,7.11,7.2,7.08,7.13,21316,27156.195,1.0
2011-09-21,7.16,7.43,7.11,7.4,73140,95242.398,1.0
2011-09-22,7.31,7.34,7.11,7.12,52608,68070.972,1.0
2011-09-23,6.92,7.05,6.91,6.96,50636,63029.837,1.0
2011-09-26,6.95,7.05,6.66,6.72,40412,49562.359,1.0
2011-09-27,6.8,6.83,6.66,6.75,32227,38969.628,1.0
2011-09-28,6.84,6.85,6.6,6.6,26046,31339.668,1.0
2011-09-29,6.59,6.59,6.09,6.12,51603,58412.24,1.0
2011-09-30,6.11,6.17,5.86,6.05,35412,38526.245,1.0
2011-10-10,6.01,6.11,5.99,6.03,21436,23445.196,1.0
2011-10-11,6.23,6.3,5.93,6.04,29337,32433.148,1.0
2011-10-12,6.05,6.29,5.86,6.29,42126,47036.136,1.0
2011-10-13,6.27,6.51,6.22,6.41,55233,63608.228,1.0
2011-10-14,6.41,6.41,6.22,6.29,35610,40393.219,1.0
2011-10-17,6.31,6.38,6.22,6.28,32511,36843.56,1.0
2011-10-18,6.22,6.27,6.15,6.17,47427,53151.888,1.0
2011-10-19,6.18,6.3,6.01,6.08,34528,38118.18,1.0
2011-10-20,6.06,6.24,5.85,5.89,64352,70177.204,1.0
2011-10-21,5.85,5.85,5.38,5.47,50277,51360.121,1.0
2011-10-24,5.5,5.71,5.44,5.64,32692,33078.869,1.0
2011-10-25,5.64,5.87,5.58,5.83,40702,42476.324,1.0
2011-10-26,5.79,6.07,5.75,5.92,59371,63540.643,1.0
2011-10-27,5.94,5.99,5.82,5.86,30106,32196.555,1.0
2011-10-28,5.96,6.13,5.95,6.05,49692,54188.614,1.0
2011-10-31,5.99,6.27,5.99,6.11,49296,54793.573,1.0
2011-11-01,6.08,6.2,6.01,6.09,48411,53332.258,1.0
2011-11-02,5.96,6.18,5.89,6.18,53608,58224.975,1.0
2011-11-03,6.21,6.43,6.18,6.25,78847,89676.634,1.0
2011-11-04,6.28,6.5,6.28,6.37,54845,62965.009,1.0
2011-11-07,6.36,6.5,6.25,6.29,48365,55489.56,1.0
2011-11-08,6.27,6.34,6.14,6.2,42018,47221.736,1.0
2011-11-09,6.22,6.31,6.12,6.31,38132,42853.986,1.0
2011-11-10,6.21,6.28,6.14,6.14,41230,45962.851,1.0
2011-11-11,6.15,6.22,6.14,6.15,24670,27466.906,1.0
2011-11-14,6.19,6.63,6.19,6.53,96876,112347.105,1.0
2011-11-15,6.53,6.6,6.43,6.53,40058,46965.821,1.0
2011-11-16,6.56,6.57,6.3,6.31,49468,56920.644,1.0
2011-11-17,6.29,6.45,6.29,6.31,30176,34556.248,1.0
2011-11-18,6.28,6.28,5.91,5.96,51538,56452.189,1.0
2011-11-21,5.97,6.07,5.89,6.02,24516,26474.503,1.0
2011-11-22,5.94,5.99,5.85,5.92,20372,21795.129,1.0
2011-11-23,5.92,6.01,5.86,5.88,21310,22901.533,1.0
2011-11-24,5.8,5.92,5.71,5.83,17482,18356.839,1.0
2011-11-25,5.8,5.89,5.64,5.69,20153,21021.818,1.0
2011-11-28,5.71,5.79,5.63,5.7,18082,18646.605,1.0
2011-11-29,5.78,5.93,5.74,5.89,28886,30536.857,1.0
2011-11-30,5.88,5.88,5.44,5.52,45655,46461.501,1.0
2011-12-01,5.74,5.81,5.65,5.66,41931,43669.534,1.0
2011-12-02,5.63,5.76,5.56,5.75,37235,38305.984,1.0
2011-12-05,5.74,5.79,5.5,5.52,22717,23160.203,1.0
2011-12-06,5.47,5.57,5.45,5.49,31993,32024.041,1.0
2011-12-07,5.49,5.55,5.42,5.49,16519,16479.853,1.0
2011-12-08,5.49,5.57,5.42,5.5,19486,19489.444,1.0
2011-12-09,5.44,5.56,5.43,5.44,16838,16793.763,1.0
2011-12-12,5.47,5.52,5.34,5.35,20513,20237.865,1.0
2011-12-13,5.34,5.34,4.95,4.99,33014,30600.006,1.0
2011-12-14,5.02,5.04,4.7,4.74,24918,22383.337,1.0
2011-12-15,4.7,4.74,4.45,4.5,39928,33544.096,1.0
2011-12-16,4.52,4.66,4.49,4.62,50590,42612.494,1.0
2011-12-26,4.98,4.98,4.67,4.69,80677,71345.314,1.0
2011-12-27,4.62,4.88,4.59,4.7,59148,51846.596,1.0
2011-12-28,4.65,4.65,4.3,4.49,60541,49293.059,1.0
2011-12-29,4.43,4.61,4.38,4.43,49105,40627.435,1.0
2011-12-30,4.44,4.51,4.43,4.5,52074,42988.668,1.0
2012-01-04,4.56,4.59,4.22,4.24,39453,32310.163,1.0
2012-01-05,4.2,4.42,4.02,4.09,54163,41872.891,1.0
2012-01-06,4.08,4.16,3.85,4.11,32474,24533.119,1.0
2012-01-09,4.09,4.35,4.08,4.34,53328,42075.033,1.0
2012-01-10,4.37,4.77,4.34,4.75,108176,92150.433,1.0
2012-01-11,4.71,5.09,4.6,4.93,133762,118429.798,1.0
2012-01-12,4.8,4.98,4.79,4.83,80779,72186.129,1.0
2012-01-13,4.8,4.92,4.57,4.63,66323,57792.359,1.0
2012-01-16,4.51,4.64,4.44,4.44,40047,33514.628,1.0
2012-01-17,4.48,4.9,4.45,4.86,67829,58988.786,1.0
2012-01-18,4.86,5.19,4.84,4.86,88240,80724.598,1.0
2012-01-19,4.82,5.05,4.78,5.0,55650,50456.701,1.0
2012-01-20,4.99,5.05,4.95,4.96,51689,47261.858,1.0
2012-01-30,4.99,5.08,4.89,4.91,46761,42724.747,1.0
2012-01-31,4.87,5.01,4.84,5.01,41925,38012.544,1.0
2012-02-01,4.98,5.01,4.82,4.85,32513,29287.46,1.0
2012-02-02,4.86,5.02,4.86,5.02,48504,44049.775,1.0
2012-02-03,4.99,5.14,4.97,5.08,55809,51589.129,1.0
2012-02-06,5.09,5.14,4.98,5.03,43727,40434.388,1.0
2012-02-07,5.0,5.03,4.84,4.91,42863,38623.12,1.0
2012-02-08,4.91,5.24,4.88,5.17,80158,74499.789,1.0
2012-02-09,5.16,5.37,5.12,5.23,117161,112207.871,1.0
2012-02-10,5.24,5.39,5.2,5.27,75055,72328.127,1.0
2012-02-13,5.2,5.4,5.17,5.34,71032,68812.402,1.0
2012-02-14,5.35,5.37,5.21,5.29,57852,55721.115,1.0
2012-02-15,5.29,5.53,5.22,5.47,96025,94239.701,1.0
2012-02-16,5.46,5.64,5.4,5.48,80652,80610.156,1.0
2012-02-17,5.44,5.62,5.44,5.53,72258,72627.683,1.0
2012-02-20,5.64,5.66,5.46,5.57,73230,73693.917,1.0
2012-02-21,5.62,5.8,5.57,5.78,139248,144235.759,1.0
2012-02-22,5.73,5.82,5.71,5.79,97041,101198.018,1.0
2012-02-23,5.79,5.82,5.67,5.76,83668,87085.018,1.0
2012-02-24,5.76,5.8,5.66,5.77,83096,86361.625,1.0
2012-02-27,5.78,5.88,5.7,5.71,116068,121459.925,1.0
2012-02-28,5.7,5.72,5.55,5.59,77095,78545.616,1.0
2012-02-29,5.6,5.69,5.57,5.58,45755,46723.86,1.0
2012-03-01,5.5,5.66,5.48,5.61,44349,45047.266,1.0
2012-03-02,5.63,5.75,5.63,5.7,53397,55139.965,1.0
2012-03-05,5.75,5.77,5.66,5.67,48748,50466.188,1.0
2012-03-06,5.65,5.65,5.55,5.64,74206,75256.598,1.0
2012-03-07,5.56,5.67,5.52,5.58,40925,41609.249,1.0
2012-03-08,5.59,5.97,5.59,5.83,201659,212854.92,1.0
2012-03-09,5.8,5.88,5.74,5.86,108646,114268.175,1.0
2012-03-12,5.86,5.98,5.8,5.91,84740,90425.028,1.0
2012-03-13,5.92,5.96,5.82,5.95,77241,82508.482,1.0
2012-03-14,5.98,6.01,5.39,5.54,136232,142042.493,1.0
2012-03-15,5.5,5.6,5.21,5.3,87304,85484.382,1.0
2012-03-16,5.31,5.49,5.31,5.46,63431,62515.48,1.0
2012-03-19,5.47,5.66,5.41,5.66,68326,69020.091,1.0
2012-03-20,5.63,5.93,5.44,5.75,176245,183882.773,1.0
2012-03-21,5.73,6.21,5.71,6.11,260604,281239.28,1.0
2012-03-22,6.09,6.09,5.88,5.93,126808,136718.371,1.0
2012-03-23,5.86,6.24,5.86,6.05,209159,230122.671,1.0
2012-03-26,6.04,6.07,5.83,5.95,102889,110278.623,1.0
2012-03-27,5.98,6.2,5.98,6.06,111953,122866.347,1.0
2012-03-28,5.92,5.99,5.5,5.51,128618,133701.95,1.0
2012-03-29,5.42,5.64,5.36,5.56,88702,88512.865,1.0
2012-03-30,5.51,5.74,5.44,5.57,66090,67058.635,1.0
2012-04-05,5.57,6.01,5.55,6.0,114221,119551.726,1.0
2012-04-06,5.98,6.56,5.92,6.27,236620,266606.769,1.0
2012-04-09,6.2,6.37,6.11,6.24,140057,157805.832,1.0
2012-04-10,6.17,6.51,6.07,6.5,216532,246342.169,1.0
2012-04-11,6.39,6.5,6.27,6.43,149241,171941.541,1.0
2012-04-12,6.39,6.47,6.18,6.37,154306,175885.511,1.0
2012-04-13,6.37,6.61,6.27,6.39,197598,228770.858,1.0
2012-04-18,6.38,6.38,5.83,6.2,201660,222193.14,1.0
2012-04-19,6.09,6.27,6.05,6.11,97575,108474.023,1.0
2012-04-20,6.1,6.17,5.95,6.04,109925,120032.934,1.0
2012-04-23,6.02,6.24,5.99,6.15,121012,133922.889,1.0
2012-04-24,6.09,6.15,5.72,5.99,126643,135967.894,1.0
2012-04-25,5.93,6.24,5.88,6.18,105125,115388.214,1.0
2012-04-26,6.21,6.36,6.18,6.23,109965,124401.57,1.0
2012-04-27,6.18,6.23,5.95,5.96,87854,95733.289,1.0
2012-05-02,6.05,6.22,5.85,6.09,101403,110847.952,1.0
2012-05-03,6.02,6.11,5.98,6.08,60006,65574.553,1.0
2012-05-04,6.06,6.16,6.04,6.14,72794,80228.367,1.0
2012-05-07,6.17,6.33,6.16,6.24,101351,113917.702,1.0
2012-05-08,6.32,6.36,6.17,6.33,109551,123831.478,1.0
2012-05-09,6.27,6.87,6.1,6.61,365924,433787.264,1.0
2012-05-10,6.51,6.78,6.45,6.7,231761,275294.592,1.0
2012-05-11,6.7,6.88,6.51,6.53,183996,221262.971,1.0
2012-05-14,6.57,6.88,6.56,6.72,223604,270570.992,1.0
2012-05-15,6.62,6.66,6.42,6.6,131756,154641.746,1.0
2012-05-16,6.56,6.67,6.39,6.4,98339,115213.069,1.0
2012-05-17,6.33,6.49,6.3,6.41,77518,89330.006,1.0
2012-05-18,6.36,6.47,6.03,6.13,112036,126015.509,1.0
2012-05-21,6.12,6.23,5.98,6.12,81598,89858.169,1.0
2012-05-22,6.13,6.38,6.13,6.37,103394,116991.126,1.0
2012-05-23,6.36,6.43,6.13,6.41,107509,122170.092,1.0
2012-05-24,6.38,6.55,6.33,6.36,133236,154661.137,1.0
2012-05-25,6.37,6.8,6.34,6.69,260661,308531.296,1.0
2012-05-28,6.66,6.92,6.49,6.85,261578,316419.136,1.0
2012-05-29,6.85,6.97,6.67,6.79,213180,259735.506,1.0
2012-05-30,6.79,6.81,6.58,6.6,151621,181567.182,1.0
2012-05-31,6.54,6.72,6.51,6.67,95956,114557.014,1.0
2012-06-01,6.66,6.71,6.47,6.56,103545,122510.151,1.0
2012-06-04,6.39,6.47,6.27,6.28,104605,119999.543,1.0
2012-06-05,6.32,6.44,6.22,6.43,75215,85662.717,1.0
2012-06-06,6.47,6.66,6.4,6.62,121993,143687.912,1.0
2012-06-07,6.69,6.7,6.36,6.37,94650,111347.837,1.0
2012-06-08,6.46,6.54,6.21,6.28,87441,100498.698,1.0
2012-06-11,6.3,6.43,6.24,6.43,67819,77568.547,1.0
2012-06-12,6.36,6.41,6.28,6.31,53474,60908.644,1.0
2012-06-13,6.33,6.45,6.28,6.45,70546,81088.859,1.0
2012-06-14,6.43,6.59,6.4,6.43,86384,100959.111,1.0
2012-06-15,6.5,6.63,6.43,6.62,113480,133406.017,1.0
2012-06-18,6.69,6.72,6.51,6.56,102680,121728.3,1.0
2012-06-20,6.5,6.54,6.25,6.3,101691,116132.176,1.0
2012-06-21,6.3,6.33,6.01,6.08,85185,94095.304,1.0
2012-06-25,5.99,6.02,5.8,5.83,61952,65821.508,1.0
2012-06-26,5.82,5.98,5.77,5.98,44854,47779.689,1.0
2012-06-27,5.92,6.01,5.55,5.6,77003,80639.316,1.0
2012-06-28,5.64,5.71,5.36,5.37,76046,75991.715,1.0
2012-06-29,5.36,5.52,5.27,5.49,41600,41063.204,1.0
2012-07-02,5.56,5.61,5.5,5.53,43542,43965.481,1.0
2012-07-03,5.54,5.63,5.48,5.5,40832,41114.385,1.0
2012-07-04,5.56,5.61,5.44,5.47,35053,35167.396,1.0
2012-07-05,5.44,5.44,5.07,5.09,70834,67398.932,1.0
2012-07-06,5.12,5.3,5.04,5.27,52247,49255.394,1.0
2012-07-09,5.21,5.31,4.93,4.94,51967,48738.399,1.0
2012-07-10,4.94,5.02,4.86,4.98,39082,35357.527,1.0
2012-07-11,4.94,5.15,4.94,5.14,43002,39810.187,1.0
2012-07-12,5.15,5.26,5.02,5.21,51550,48470.659,1.0
2012-07-13,5.18,5.22,5.09,5.11,36985,34830.68,1.0
2012-07-16,5.12,5.14,4.84,4.87,50841,45935.398,1.0
2012-07-17,4.84,4.95,4.84,4.92,24209,21701.551,1.0
2012-07-18,4.93,5.0,4.84,4.99,31311,28197.338,1.0
2012-07-19,4.99,5.15,4.97,5.07,46021,42817.643,1.0
2012-07-20,5.09,5.19,5.04,5.08,33695,31481.306,1.0
2012-07-23,5.05,5.07,4.92,5.01,27335,24938.88,1.0
2012-07-24,4.94,5.07,4.94,5.01,25650,23500.564,1.0
2012-07-25,5.03,5.08,4.95,4.98,26594,24408.445,1.0
2012-07-26,4.97,5.05,4.96,4.97,30032,27516.606,1.0
2012-07-27,4.98,5.02,4.85,4.91,27912,25158.957,1.0
2012-07-30,4.88,4.93,4.62,4.67,43223,37502.966,1.0
2012-07-31,4.64,4.7,4.44,4.44,38181,31718.045,1.0
2012-08-01,4.45,4.62,4.45,4.57,34160,28676.402,1.0
2012-08-02,4.56,4.59,4.5,4.53,23478,19618.241,1.0
2012-08-03,4.56,4.67,4.51,4.65,29687,25224.613,1.0
2012-08-06,4.65,4.83,4.6,4.82,46474,40399.158,1.0
2012-08-07,4.83,5.01,4.79,4.93,62322,56188.104,1.0
2012-08-08,5.05,5.12,4.91,4.92,59291,54072.533,1.0
2012-08-09,4.91,5.0,4.83,4.93,44350,39886.409,1.0
2012-08-10,4.93,5.08,4.91,5.0,56253,51567.631,1.0
2012-08-13,4.96,4.97,4.82,4.84,34665,31068.449,1.0
2012-08-14,4.83,4.95,4.68,4.92,40738,35883.475,1.0
2012-08-15,4.86,4.99,4.81,4.88,37807,34101.563,1.0
2012-08-16,4.85,4.97,4.8,4.94,24222,21741.136,1.0
2012-08-17,4.95,5.11,4.94,5.02,59419,54603.687,1.0
2012-08-20,4.98,5.03,4.89,5.0,31897,28930.943,1.0
2012-08-21,5.02,5.11,4.97,5.09,53191,49201.929,1.0
2012-08-22,5.12,5.12,4.9,4.95,47277,43035.4,1.0
2012-08-23,4.97,5.0,4.91,4.98,34518,31276.925,1.0
2012-08-24,4.95,4.97,4.73,4.73,48829,43186.814,1.0
2012-08-27,4.73,4.73,4.6,4.63,23018,19660.778,1.0
2012-08-28,4.62,4.72,4.59,4.64,19723,16866.972,1.0
2012-08-29,4.65,4.72,4.59,4.61,22607,19364.731,1.0
2012-08-30,4.59,4.64,4.41,4.51,24806,20739.074,1.0
2012-08-31,4.5,4.56,4.47,4.51,13575,11306.474,1.0
2012-09-03,4.54,4.67,4.51,4.64,26217,22276.814,1.0
2012-09-04,4.64,4.71,4.57,4.57,21851,18669.28,1.0
2012-09-05,4.56,4.65,4.53,4.59,18639,15754.794,1.0
2012-09-06,4.62,4.7,4.59,4.69,23658,20264.287,1.0
2012-09-07,4.8,5.03,4.78,4.95,86911,78325.153,1.0
2012-09-10,4.95,5.2,4.93,5.11,107226,99858.857,1.0
2012-09-11,5.06,5.06,4.94,5.0,55591,50670.706,1.0
2012-09-12,5.02,5.12,4.96,5.06,49235,45381.424,1.0
2012-09-13,5.03,5.03,4.87,4.88,53050,48168.979,1.0
2012-09-14,4.98,5.07,4.89,4.96,49245,44951.856,1.0
2012-09-17,5.06,5.08,4.87,4.88,50458,46079.388,1.0
2012-09-18,4.82,4.85,4.67,4.71,40903,35616.691,1.0
2012-09-19,4.75,4.88,4.67,4.87,37473,32816.059,1.0
2012-09-20,4.85,4.85,4.66,4.67,36533,31804.798,1.0
2012-09-21,4.62,4.82,4.58,4.72,41672,36402.73,1.0
2012-09-24,4.62,4.83,4.62,4.79,33433,29142.398,1.0
2012-09-25,4.75,4.87,4.74,4.83,31956,28226.494,1.0
2012-09-26,4.79,4.84,4.62,4.63,29383,25424.192,1.0
2012-09-27,4.62,4.81,4.6,4.76,33237,28826.507,1.0
2012-09-28,4.73,4.92,4.7,4.91,52061,46327.103,1.0
2012-10-08,4.92,4.97,4.74,4.82,34214,30436.255,1.0
2012-10-09,4.83,5.0,4.83,4.99,58967,53475.345,1.0
2012-10-10,5.01,5.08,4.93,5.02,51194,46912.328,1.0
2012-10-11,4.98,5.02,4.89,4.91,40984,37183.151,1.0
2012-10-12,4.91,4.99,4.85,4.94,27658,24894.06,1.0
2012-10-15,4.93,4.94,4.82,4.88,25472,22731.98,1.0
2012-10-16,4.91,4.93,4.8,4.86,20666,18450.589,1.0
2012-10-17,4.88,4.88,4.78,4.86,23636,20953.354,1.0
2012-10-18,4.85,5.0,4.85,4.95,43035,39011.905,1.0
2012-10-19,4.95,4.98,4.91,4.92,21519,19465.976,1.0
2012-10-22,4.89,4.93,4.84,4.91,23408,20928.68,1.0
2012-10-23,4.86,4.92,4.79,4.79,33155,29437.772,1.0
2012-10-24,4.8,4.85,4.76,4.79,18251,16060.692,1.0
2012-10-25,4.78,4.88,4.75,4.75,20037,17624.296,1.0
2012-10-26,4.74,4.79,4.56,4.62,33801,28956.238,1.0
2012-10-29,4.62,4.67,4.57,4.62,14436,12299.834,1.0
2012-10-30,4.67,4.72,4.62,4.67,14263,12290.417,1.0
2012-10-31,4.69,4.69,4.58,4.66,16871,14395.826,1.0
2012-11-01,4.64,4.79,4.64,4.75,23628,20584.255,1.0
2012-11-02,4.75,4.79,4.71,4.77,15633,13649.852,1.0
2012-11-05,4.75,4.94,4.73,4.86,42868,38238.777,1.0
2012-11-06,4.85,4.87,4.7,4.79,23753,20835.589,1.0
2012-11-07,4.79,4.8,4.73,4.75,22386,19563.384,1.0
2012-11-08,4.72,4.72,4.56,4.58,26491,22599.891,1.0
2012-11-09,4.58,4.62,4.48,4.52,29183,24424.569,1.0
2012-11-12,4.5,4.59,4.49,4.57,15786,13215.836,1.0
2012-11-13,4.57,4.6,4.44,4.44,19337,15984.163,1.0
2012-11-14,4.46,4.49,4.41,4.46,11667,9594.247,1.0
2012-11-15,4.46,4.48,4.36,4.37,15852,12945.627,1.0
2012-11-16,4.37,4.41,4.27,4.3,20683,16530.874,1.0
2012-11-19,4.31,4.35,4.28,4.33,13424,10730.196,1.0
2012-11-20,4.34,4.37,4.31,4.32,11055,8869.6,1.0
2012-11-21,4.34,4.44,4.27,4.44,25987,21045.973,1.0
2012-11-22,4.43,4.43,4.35,4.36,14704,11910.95,1.0
2012-11-23,4.4,4.41,4.34,4.36,12501,10098.318,1.0
2012-11-26,4.34,4.36,4.27,4.27,13339,10650.646,1.0
2012-11-27,4.29,4.29,4.07,4.08,21672,16726.098,1.0
2012-11-28,4.07,4.07,3.86,3.87,24766,18134.775,1.0
2012-11-29,3.87,3.92,3.79,3.83,16606,12014.976,1.0
2012-11-30,3.83,3.92,3.82,3.89,15865,11508.822,1.0
2012-12-03,3.87,3.89,3.73,3.75,15052,10760.945,1.0
2012-12-04,3.75,3.82,3.67,3.79,20638,14480.361,1.0
2012-12-05,3.79,4.05,3.75,4.0,40866,30151.555,1.0
2012-12-06,4.02,4.05,3.93,3.98,23982,17808.846,1.0
2012-12-07,3.98,4.27,3.93,4.14,42282,32576.016,1.0
2012-12-10,4.12,4.24,4.12,4.2,40956,31879.371,1.0
2012-12-11,4.2,4.21,4.12,4.13,28158,21745.655,1.0
2012-12-12,4.17,4.41,4.17,4.33,90467,72626.704,1.0
2012-12-13,4.27,4.29,4.19,4.2,46262,36396.353,1.0
2012-12-14,4.15,4.43,4.15,4.39,70472,56706.307,1.0
2012-12-17,4.4,4.53,4.35,4.39,62940,51417.562,1.0
2012-12-18,4.37,4.47,4.33,4.35,54825,44548.147,1.0
2012-12-19,4.35,4.38,4.28,4.31,38239,30601.482,1.0
2012-12-20,4.31,4.37,4.26,4.35,42238,33751.576,1.0
2012-12-21,4.35,4.49,4.3,4.41,84464,68930.748,1.0
2012-12-24,4.38,4.42,4.34,4.38,43710,35400.996,1.0
2012-12-25,4.34,4.53,4.34,4.53,78704,64911.669,1.0
2012-12-26,4.5,4.61,4.5,4.56,61985,52168.627,1.0
2012-12-27,4.56,4.7,4.5,4.57,73616,62434.357,1.0
2012-12-28,4.56,4.65,4.53,4.6,38718,32803.582,1.0
2012-12-31,4.61,4.82,4.57,4.75,102697,89110.857,1.0
2013-01-04,4.78,4.96,4.7,4.87,161429,143125.232,1.0
2013-01-07,4.81,4.98,4.8,4.96,150311,135086.808,1.0
2013-01-08,4.96,5.02,4.87,4.95,114398,103518.438,1.0
2013-01-09,4.95,4.98,4.85,4.89,123537,111218.84,1.0
2013-01-10,4.91,4.95,4.86,4.91,100450,90307.9,1.0
2013-01-11,4.88,4.91,4.78,4.82,114717,101718.599,1.0
2013-01-14,4.82,5.07,4.81,4.97,168977,152703.747,1.0
2013-01-15,4.96,5.16,4.93,5.08,185157,170933.586,1.0
2013-01-16,5.08,5.22,5.01,5.21,207956,195304.947,1.0
2013-01-17,5.25,5.6,5.17,5.18,278953,272567.136,1.0
2013-01-18,5.21,5.47,5.02,5.28,209543,199236.115,1.0
2013-01-21,5.29,5.35,5.21,5.31,168661,161787.149,1.0
2013-01-22,5.28,5.4,5.21,5.35,165046,160326.269,1.0
2013-01-23,5.41,5.55,5.33,5.46,210577,208744.708,1.0
2013-01-24,5.62,5.62,5.03,5.06,251729,241133.734,1.0
2013-01-25,4.99,5.0,4.78,4.83,114633,102168.406,1.0
2013-01-28,4.84,4.93,4.76,4.92,61715,55184.159,1.0
2013-01-29,4.92,4.96,4.86,4.94,54996,49539.64,1.0
2013-01-30,4.95,4.96,4.85,4.88,53783,48236.134,1.0
2013-01-31,4.88,4.95,4.85,4.93,53212,47886.787,1.0
2013-02-01,4.93,4.93,4.83,4.88,52987,47270.879,1.0
2013-02-04,4.89,4.92,4.76,4.8,63943,56546.206,1.0
2013-02-05,4.77,4.86,4.75,4.86,38276,33913.184,1.0
2013-02-06,4.87,4.93,4.85,4.91,34652,31108.402,1.0
2013-02-07,4.91,4.92,4.85,4.86,31191,27910.255,1.0
2013-02-08,4.85,4.93,4.85,4.93,31551,28409.668,1.0
2013-02-18,4.94,4.96,4.88,4.93,47204,42585.937,1.0
2013-02-19,4.92,4.96,4.78,4.82,42781,38183.285,1.0
2013-02-20,4.83,4.87,4.75,4.85,45912,40481.374,1.0
2013-02-21,4.81,4.81,4.64,4.67,56439,48813.102,1.0
2013-02-22,4.67,4.72,4.64,4.69,34714,29909.482,1.0
2013-02-25,4.68,4.74,4.66,4.73,31754,27429.19,1.0
2013-02-26,4.72,4.72,4.54,4.54,46623,39826.238,1.0
2013-02-27,4.56,4.63,4.55,4.56,33725,28494.301,1.0
2013-02-28,4.61,4.7,4.56,4.68,37722,32224.111,1.0
2013-03-01,4.68,4.75,4.62,4.74,49533,42774.108,1.0
2013-03-04,4.7,4.7,4.44,4.48,60142,50594.731,1.0
2013-03-05,4.5,4.57,4.46,4.55,32030,26778.361,1.0
2013-03-06,4.55,4.62,4.51,4.6,43183,36448.979,1.0
2013-03-07,4.6,4.66,4.56,4.64,48617,41170.811,1.0
2013-03-08,4.67,4.72,4.6,4.6,42226,36229.517,1.0
2013-03-11,4.62,4.64,4.57,4.62,29731,25224.244,1.0
2013-03-12,4.62,4.67,4.41,4.5,43554,36493.545,1.0
2013-03-13,4.44,4.59,4.41,4.56,36504,30227.803,1.0
2013-03-14,4.51,4.59,4.5,4.53,30918,25883.332,1.0
2013-03-15,4.53,4.56,4.43,4.46,33911,28130.809,1.0
2013-03-18,4.42,4.45,4.33,4.33,32552,26354.133,1.0
2013-03-19,4.33,4.38,4.21,4.34,27835,22242.975,1.0
2013-03-20,4.33,4.44,4.33,4.43,38682,31458.428,1.0
2013-03-21,4.43,4.51,4.41,4.47,35221,29059.452,1.0
2013-03-22,4.46,4.47,4.4,4.46,34973,28642.332,1.0
2013-03-25,4.46,4.5,4.43,4.47,28424,23451.193,1.0
2013-03-26,4.46,4.47,4.34,4.38,27587,22376.161,1.0
2013-03-27,4.38,4.45,4.38,4.4,26866,21898.308,1.0
2013-03-28,4.39,4.39,4.21,4.21,37795,29877.245,1.0
2013-03-29,4.22,4.27,4.21,4.22,17095,13428.432,1.0
2013-04-01,4.22,4.25,4.18,4.21,20802,16275.141,1.0
2013-04-02,4.22,4.26,4.19,4.2,20162,15782.79,1.0
2013-04-03,4.22,4.23,4.13,4.15,18084,13981.832,1.0
2013-04-08,4.08,4.14,4.02,4.11,26971,20406.716,1.0
2013-04-09,4.11,4.27,4.1,4.27,35381,27691.291,1.0
2013-04-10,4.38,4.73,4.32,4.53,115057,96832.924,1.0
2013-04-11,4.36,4.43,4.32,4.33,76482,61684.275,1.0
2013-04-12,4.3,4.3,4.11,4.14,50809,39446.539,1.0
2013-04-15,4.15,4.16,4.02,4.03,32913,24804.515,1.0
2013-04-16,3.98,4.1,3.92,4.08,25182,18821.002,1.0
2013-04-17,4.08,4.1,4.02,4.08,21601,16342.571,1.0
2013-04-18,4.06,4.08,3.99,4.07,20635,15572.018,1.0
2013-04-19,4.07,4.24,4.04,4.22,44951,34961.423,1.0
2013-04-22,4.22,4.22,4.14,4.18,29272,22724.95,1.0
2013-04-23,4.17,4.17,3.97,3.98,38948,29227.194,1.0
2013-04-24,3.96,4.07,3.95,4.01,32596,24336.741,1.0
2013-04-25,4.0,4.0,3.83,3.83,58537,42589.291,1.0
2013-04-26,3.85,3.91,3.82,3.84,23082,16674.23,1.0
2013-05-02,3.79,3.79,3.69,3.72,34713,24275.926,1.0
2013-05-03,3.73,3.86,3.73,3.8,31302,22361.528,1.0
2013-05-06,3.81,3.93,3.81,3.9,35247,25692.444,1.0
2013-05-07,3.9,4.01,3.83,3.97,57324,42220.931,1.0
2013-05-08,4.25,4.41,4.25,4.41,103819,84289.096,1.0
2013-05-09,4.57,4.59,4.33,4.41,288123,238042.305,1.0
2013-05-10,4.35,4.37,4.21,4.27,115696,91328.263,1.0
2013-05-13,4.2,4.34,4.2,4.22,62998,49690.875,1.0
2013-05-14,4.22,4.28,4.16,4.2,41373,32364.133,1.0
2013-05-15,4.21,4.31,4.17,4.28,56986,44768.561,1.0
2013-05-16,4.25,4.33,4.22,4.33,78207,62106.327,1.0
2013-05-17,4.3,4.37,4.27,4.32,79862,63852.512,1.0
2013-05-20,4.14,4.27,4.12,4.25,129234,100811.333,1.0
2013-05-21,4.27,4.31,4.21,4.24,67233,52886.339,1.0
2013-05-22,4.25,4.28,4.18,4.25,97809,76855.972,1.0
2013-05-23,4.25,4.25,4.14,4.15,63984,49777.112,1.0
2013-05-24,4.15,4.2,4.09,4.14,52969,40699.617,1.0
2013-05-27,4.12,4.17,4.12,4.16,45431,34997.076,1.0
2013-05-28,4.17,4.2,4.08,4.2,56282,43358.815,1.0
2013-05-29,4.2,4.23,4.18,4.2,60375,47175.39,1.0
2013-05-30,4.2,4.28,4.18,4.25,70205,55264.088,1.0
2013-05-31,4.28,4.28,4.15,4.15,56133,43902.946,1.0
2013-06-03,4.14,4.14,4.05,4.06,58290,44358.894,1.0
2013-06-04,4.07,4.1,4.01,4.02,37735,28457.154,1.0
2013-06-05,4.04,4.09,4.03,4.07,23807,18010.506,1.0
2013-06-06,4.08,4.08,3.95,3.95,33540,24966.793,1.0
2013-06-07,3.96,4.04,3.9,3.93,32303,23948.241,1.0
2013-06-13,3.92,3.92,3.69,3.78,32591,23018.708,1.0
2013-06-14,3.78,3.83,3.78,3.81,17789,12681.013,1.0
2013-06-17,3.83,3.97,3.77,3.93,40759,29680.576,1.0
2013-06-18,3.92,3.94,3.86,3.91,20178,14714.35,1.0
2013-06-19,3.93,3.93,3.8,3.89,22341,16156.122,1.0
2013-06-20,3.88,3.89,3.76,3.78,23047,16446.096,1.0
2013-06-21,3.76,3.76,3.66,3.72,24013,16725.322,1.0
2013-06-24,3.72,3.72,3.34,3.36,38232,25434.05,1.0
2013-06-25,3.32,3.4,2.98,3.25,44481,27055.476,1.0
2013-06-26,3.25,3.33,3.16,3.27,25386,15648.284,1.0
2013-06-27,3.27,3.33,3.16,3.2,29438,18292.867,1.0
2013-06-28,3.2,3.3,3.09,3.18,28437,17348.298,1.0
2013-07-01,3.17,3.21,3.12,3.19,22305,13507.127,1.0
2013-07-02,3.2,3.21,3.14,3.2,23817,14475.579,1.0
2013-07-03,3.18,3.18,3.11,3.12,25788,15442.677,1.0
2013-07-04,3.12,3.24,3.05,3.2,47773,28823.354,1.0
2013-07-05,3.22,3.25,3.18,3.2,31204,19069.089,1.0
2013-07-08,3.14,3.14,3.04,3.05,34694,20383.426,1.0
2013-07-09,3.06,3.07,3.01,3.02,15729,9167.11,1.0
2013-07-10,3.03,3.2,3.02,3.19,38686,23209.395,1.0
2013-07-11,3.2,3.31,3.15,3.3,64914,40436.227,1.0
2013-07-12,3.3,3.31,3.2,3.21,44102,27284.641,1.0
2013-07-15,3.22,3.27,3.21,3.25,33438,20690.008,1.0
2013-07-16,3.25,3.28,3.21,3.28,31510,19489.107,1.0
2013-07-17,3.28,3.42,3.24,3.31,67515,42626.093,1.0
2013-07-18,3.27,3.31,3.23,3.24,33774,20984.343,1.0
2013-07-19,3.23,3.27,3.11,3.11,31539,19216.868,1.0
2013-07-22,3.08,3.29,3.04,3.24,37834,22817.51,1.0
2013-07-23,3.27,3.3,3.22,3.28,53145,33061.17,1.0
2013-07-24,3.27,3.27,3.18,3.21,37964,23327.084,1.0
2013-07-25,3.22,3.28,3.21,3.21,34822,21561.453,1.0
2013-07-26,3.17,3.21,3.12,3.19,28043,16995.001,1.0
2013-07-29,3.14,3.19,3.11,3.12,24864,14914.275,1.0
2013-07-30,3.12,3.17,3.11,3.14,18117,10893.004,1.0
2013-07-31,3.18,3.25,3.14,3.22,39136,23823.489,1.0
2013-08-01,3.22,3.28,3.22,3.27,39916,24730.262,1.0
2013-08-02,3.27,3.28,3.22,3.24,39457,24439.02,1.0
2013-08-05,3.25,3.3,3.23,3.28,30469,18967.455,1.0
2013-08-06,3.28,3.3,3.22,3.28,40271,25035.319,1.0
2013-08-07,3.27,3.3,3.24,3.29,41609,25935.455,1.0
2013-08-08,3.29,3.34,3.27,3.33,58055,36562.822,1.0
2013-08-09,3.33,3.36,3.3,3.36,52071,32968.231,1.0
2013-08-12,3.38,3.73,3.33,3.54,148725,100620.502,1.0
2013-08-13,3.52,3.57,3.46,3.53,53645,35700.817,1.0
2013-08-14,3.51,3.59,3.38,3.45,76179,50151.019,1.0
2013-08-15,3.45,3.46,3.37,3.38,47935,30963.729,1.0
2013-08-16,3.34,3.47,3.3,3.31,51067,32798.518,1.0
2013-08-19,3.3,3.37,3.26,3.36,26868,17001.838,1.0
2013-08-20,3.36,3.42,3.34,3.41,36749,23582.611,1.0
2013-08-21,3.41,3.41,3.33,3.37,25562,16289.635,1.0
2013-08-22,3.34,3.39,3.33,3.38,27365,17484.712,1.0
2013-08-23,3.39,3.41,3.25,3.31,32023,20255.333,1.0
2013-08-26,3.31,3.36,3.28,3.36,35078,22236.095,1.0
2013-08-27,3.37,3.43,3.37,3.41,45220,29156.935,1.0
2013-08-28,3.38,3.52,3.38,3.47,82603,54084.864,1.0
2013-08-29,3.44,3.6,3.44,3.57,111345,74459.342,1.0
2013-08-30,3.54,3.85,3.53,3.72,220349,154275.856,1.0
2013-09-02,3.7,3.71,3.5,3.57,99324,66931.344,1.0
2013-09-03,3.56,3.62,3.49,3.6,61704,41572.352,1.0
2013-09-04,3.54,3.92,3.54,3.85,168445,118351.27,1.0
2013-09-05,3.78,3.83,3.7,3.75,130373,91735.652,1.0
2013-09-06,3.75,3.75,3.64,3.65,90140,62431.093,1.0
2013-09-09,3.67,3.76,3.65,3.71,84601,58929.436,1.0
2013-09-10,3.64,3.77,3.64,3.72,81800,57063.571,1.0
2013-09-11,3.7,3.82,3.68,3.78,114564,80684.525,1.0
2013-09-12,3.77,3.82,3.7,3.71,68782,48395.368,1.0
2013-09-13,3.72,3.82,3.62,3.75,94969,66423.717,1.0
2013-09-16,3.71,3.75,3.63,3.64,60892,42120.246,1.0
2013-09-17,3.64,3.79,3.63,3.65,73547,51370.482,1.0
2013-09-18,3.62,3.64,3.54,3.59,59414,40055.294,1.0
2013-09-23,3.59,3.65,3.55,3.64,43753,29766.4,1.0
2013-09-24,3.64,3.66,3.56,3.6,36262,24589.063,1.0
2013-09-25,3.56,3.59,3.53,3.54,43016,28892.849,1.0
2013-09-26,3.52,3.54,3.42,3.43,41128,26968.002,1.0
2013-09-27,3.42,3.46,3.4,3.4,25109,16311.663,1.0
2013-09-30,3.45,3.49,3.4,3.49,26996,17587.17,1.0
2013-10-08,3.47,3.54,3.44,3.53,46686,30808.9,1.0
2013-10-09,3.51,3.55,3.5,3.53,38413,25559.352,1.0
2013-10-10,3.53,3.55,3.47,3.48,32612,21589.716,1.0
2013-10-11,3.49,3.59,3.49,3.55,54874,36701.259,1.0
2013-10-14,3.57,3.57,3.5,3.54,40243,26918.661,1.0
2013-10-15,3.54,3.56,3.49,3.53,38742,25766.67,1.0
2013-10-16,3.52,3.53,3.38,3.4,45318,29574.017,1.0
2013-10-17,3.43,3.47,3.37,3.4,37934,24596.901,1.0
2013-10-18,3.41,3.43,3.38,3.42,22759,14695.031,1.0
2013-10-21,3.44,3.46,3.38,3.44,36073,23401.62,1.0
2013-10-22,3.44,3.79,3.44,3.61,153274,104636.281,1.0
2013-10-23,3.61,3.7,3.55,3.66,128687,87982.665,1.0
2013-10-24,3.61,3.62,3.53,3.54,57056,38435.815,1.0
2013-10-25,3.54,3.59,3.4,3.43,54855,36035.607,1.0
2013-10-28,3.41,3.46,3.37,3.39,31323,20219.415,1.0
2013-10-29,3.41,3.45,3.17,3.25,50130,31352.663,1.0
2013-10-30,3.27,3.33,3.24,3.32,31686,19857.233,1.0
2013-10-31,3.33,3.38,3.22,3.37,41852,26124.201,1.0
2013-11-01,3.31,3.34,3.25,3.33,32167,20233.75,1.0
2013-11-04,3.3,3.34,3.3,3.31,16365,10293.23,1.0
2013-11-05,3.31,3.32,3.22,3.31,24939,15535.748,1.0
2013-11-06,3.3,3.4,3.28,3.31,39640,25110.041,1.0
2013-11-07,3.31,3.32,3.24,3.24,25011,15557.604,1.0
2013-11-08,3.23,3.27,3.19,3.2,17843,10947.479,1.0
2013-11-11,3.2,3.22,3.17,3.21,15038,9195.741,1.0
2013-11-12,3.21,3.27,3.21,3.24,14086,8695.951,1.0
2013-11-13,3.23,3.23,3.18,3.18,15995,9767.954,1.0
2013-11-14,3.18,3.22,3.15,3.19,17164,10422.08,1.0
2013-11-15,3.19,3.28,3.19,3.24,30955,19132.386,1.0
2013-11-18,3.25,3.31,3.25,3.31,35904,22449.947,1.0
2013-11-19,3.3,3.33,3.28,3.32,32447,20413.676,1.0
2013-11-20,3.31,3.41,3.31,3.35,40952,26098.658,1.0
2013-11-21,3.31,3.34,3.26,3.31,33101,20732.461,1.0
2013-11-22,3.3,3.34,3.28,3.31,28443,17923.806,1.0
2013-11-25,3.31,3.36,3.29,3.31,27894,17646.489,1.0
2013-11-26,3.31,3.34,3.27,3.3,20802,13059.739,1.0
2013-11-27,3.31,3.35,3.28,3.34,32693,20668.782,1.0
2013-11-28,3.34,3.41,3.34,3.38,52696,33785.196,1.0
2013-11-29,3.37,3.39,3.34,3.37,29349,18760.155,1.0
2013-12-02,3.3,3.33,3.14,3.18,59178,36397.723,1.0
2013-12-03,3.17,3.22,3.17,3.22,30156,18415.852,1.0
2013-12-04,3.22,3.3,3.22,3.28,40599,25311.35,1.0
2013-12-05,3.28,3.41,3.25,3.35,64937,41140.995,1.0
2013-12-06,3.33,3.36,3.29,3.31,34419,21731.638,1.0
2013-12-09,3.31,3.34,3.3,3.31,20157,12686.778,1.0
2013-12-10,3.32,3.34,3.29,3.34,31826,20073.294,1.0
2013-12-11,3.31,3.31,3.21,3.25,31555,19584.346,1.0
2013-12-12,3.25,3.26,3.22,3.25,22708,14017.067,1.0
2013-12-13,3.24,3.27,3.21,3.25,19394,11978.657,1.0
2013-12-16,3.24,3.27,3.18,3.18,28671,17556.334,1.0
2013-12-17,3.2,3.21,3.17,3.18,20935,12703.414,1.0
2013-12-18,3.18,3.2,3.17,3.19,15353,9342.239,1.0
2013-12-19,3.19,3.24,3.17,3.17,15661,9571.556,1.0
2013-12-20,3.17,3.2,3.09,3.12,18779,11287.126,1.0
2013-12-23,3.34,3.47,3.34,3.47,137854,90304.391,1.0
2013-12-24,3.43,3.52,3.39,3.47,234964,153867.37,1.0
2013-12-25,3.42,3.42,3.33,3.37,109752,70038.096,1.0
2013-12-26,3.34,3.37,3.2,3.21,85291,53034.247,1.0
2013-12-27,3.2,3.26,3.17,3.24,47767,29364.716,1.0
2013-12-30,3.24,3.26,3.18,3.22,36880,22668.786,1.0
2013-12-31,3.2,3.25,3.18,3.25,34268,21132.666,1.0
2014-01-02,3.22,3.24,3.21,3.24,28466,17503.522,1.0
2014-01-03,3.23,3.23,3.15,3.19,33156,20177.539,1.0
2014-01-06,3.15,3.17,3.11,3.12,31838,19080.786,1.0
2014-01-07,3.12,3.16,3.08,3.14,20750,12453.122,1.0
2014-01-08,3.17,3.18,3.11,3.11,28719,17200.992,1.0
2014-01-09,3.11,3.12,3.01,3.01,32783,19323.701,1.0
2014-01-10,3.01,3.07,2.98,3.06,27987,16263.047,1.0
2014-01-13,3.08,3.11,3.04,3.05,21062,12393.759,1.0
2014-01-14,3.03,3.08,3.02,3.08,15226,8915.504,1.0
2014-01-15,3.08,3.14,3.02,3.11,25673,15180.865,1.0
2014-01-16,3.1,3.14,3.07,3.09,26235,15576.727,1.0
2014-01-17,3.07,3.09,3.03,3.04,15472,9065.054,1.0
2014-01-20,3.04,3.04,2.95,2.97,22513,12958.905,1.0
2014-01-21,2.95,3.02,2.95,2.99,15053,8677.171,1.0
2014-01-22,2.99,3.08,2.98,3.07,26727,15642.651,1.0
2014-01-23,3.07,3.1,3.05,3.08,26410,15553.311,1.0
2014-01-24,3.07,3.13,3.07,3.11,25805,15342.435,1.0
2014-01-27,3.09,3.11,3.07,3.07,19842,11746.407,1.0
2014-01-28,3.08,3.12,3.08,3.09,18820,11162.552,1.0
2014-01-29,3.1,3.11,3.07,3.09,15382,9090.132,1.0
2014-01-30,3.08,3.09,3.05,3.07,13878,8151.71,1.0
2014-02-07,3.06,3.1,3.01,3.1,22004,12985.197,1.0
2014-02-10,3.09,3.2,3.09,3.19,53947,32590.191,1.0
2014-02-11,3.18,3.21,3.17,3.2,41805,25451.969,1.0
2014-02-12,3.18,3.25,3.18,3.22,38561,23651.893,1.0
2014-02-13,3.21,3.27,3.2,3.21,45429,28015.848,1.0
2014-02-14,3.2,3.25,3.2,3.24,35161,21626.555,1.0
2014-02-17,3.26,3.36,3.24,3.31,71656,45067.616,1.0
2014-02-18,3.29,3.3,3.24,3.27,46792,29123.388,1.0
2014-02-19,3.24,3.28,3.24,3.25,41999,26036.723,1.0
2014-02-20,3.25,3.28,3.19,3.21,31679,19489.555,1.0
2014-02-21,3.21,3.24,3.18,3.2,26295,16080.882,1.0
2014-02-24,3.18,3.2,3.12,3.14,35470,21338.703,1.0
2014-02-25,3.12,3.16,3.04,3.05,39637,23574.766,1.0
2014-02-26,3.05,3.08,3.02,3.07,26507,15485.118,1.0
2014-02-27,3.09,3.11,3.02,3.03,22893,13460.842,1.0
2014-02-28,3.05,3.08,3.02,3.07,21557,12624.098,1.0
2014-03-03,3.08,3.12,3.03,3.12,23384,13845.258,1.0
2014-03-04,3.1,3.17,3.06,3.15,37792,22611.424,1.0
2014-03-05,3.14,3.15,3.09,3.11,24826,14827.048,1.0
2014-03-06,3.11,3.12,3.07,3.11,20352,12066.385,1.0
2014-03-07,3.11,3.13,3.06,3.07,21165,12525.573,1.0
2014-03-10,3.06,3.06,2.93,2.95,29191,16819.2,1.0
2014-03-11,2.95,3.01,2.95,2.99,16467,9447.288,1.0
2014-03-12,2.99,3.01,2.96,3.0,14523,8330.848,1.0
2014-03-13,3.01,3.04,2.98,3.04,19626,11371.903,1.0
2014-03-14,3.01,3.05,3.0,3.04,17841,10369.188,1.0
2014-03-17,3.03,3.06,3.03,3.05,15420,9013.327,1.0
2014-03-18,3.06,3.06,3.02,3.04,15342,8958.606,1.0
2014-03-19,3.04,3.14,3.04,3.09,42791,25368.616,1.0
2014-03-20,3.09,3.11,3.01,3.01,21504,12635.319,1.0
2014-03-21,3.02,3.08,2.96,3.06,29013,16882.943,1.0
2014-03-24,3.06,3.11,3.04,3.11,28513,16905.911,1.0
2014-03-25,3.09,3.12,3.08,3.11,23361,13888.812,1.0
2014-03-26,3.11,3.13,3.09,3.11,19138,11388.178,1.0
2014-03-27,3.09,3.12,3.07,3.09,29364,17452.158,1.0
2014-03-28,3.09,3.14,3.08,3.12,41818,24869.231,1.0
2014-03-31,3.09,3.22,3.09,3.1,62101,37527.382,1.0
2014-04-01,3.09,3.11,3.04,3.11,33725,19882.384,1.0
2014-04-02,3.12,3.14,3.09,3.13,29952,17874.067,1.0
2014-04-03,3.12,3.2,3.11,3.16,50298,30305.804,1.0
2014-04-04,3.16,3.18,3.12,3.17,33491,20164.019,1.0
2014-04-08,3.15,3.18,3.13,3.18,35338,21346.407,1.0
2014-04-09,3.17,3.2,3.15,3.16,34719,21044.46,1.0
2014-04-10,3.17,3.18,3.13,3.15,41859,25228.685,1.0
2014-04-11,3.15,3.15,3.12,3.12,30382,18191.189,1.0
2014-04-14,3.11,3.22,3.11,3.21,53006,32147.114,1.0
2014-04-15,3.22,3.54,3.18,3.35,258073,165109.817,1.0
2014-04-16,3.26,3.4,3.24,3.34,151190,94976.982,1.0
2014-04-17,3.31,3.34,3.2,3.23,73027,45524.2,1.0
2014-04-18,3.23,3.28,3.21,3.26,36623,22693.955,1.0
2014-04-21,3.22,3.3,3.17,3.18,60604,37363.947,1.0
2014-04-22,3.17,3.19,3.04,3.1,58316,34857.242,1.0
2014-04-23,3.09,3.11,3.05,3.09,31302,18479.206,1.0
2014-04-24,3.09,3.12,3.07,3.07,31066,18373.885,1.0
2014-04-25,3.08,3.08,2.98,2.99,36692,21254.545,1.0
2014-04-28,2.99,3.0,2.89,2.9,37276,21096.649,1.0
2014-04-29,2.9,2.98,2.89,2.96,21533,12193.177,1.0
2014-04-30,2.96,3.01,2.93,2.98,18741,10741.973,1.0
2014-05-05,2.97,2.99,2.95,2.98,17195,9840.51,1.0
2014-05-06,2.98,3.02,2.96,3.0,19877,11412.224,1.0
2014-05-07,2.99,2.99,2.91,2.92,20689,11724.632,1.0
2014-05-08,2.93,2.96,2.91,2.92,15205,8602.019,1.0
2014-05-09,2.92,2.95,2.89,2.93,14761,8327.379,1.0
2014-05-12,2.94,3.04,2.93,3.04,41789,24147.637,1.0
2014-05-13,3.04,3.1,3.01,3.02,30749,17948.722,1.0
2014-05-14,3.02,3.02,2.98,2.99,21504,12400.343,1.0
2014-05-15,2.99,2.99,2.94,2.95,15492,8841.999,1.0
2014-05-16,2.95,2.95,2.91,2.95,14299,8076.358,1.0
2014-05-19,2.93,2.96,2.89,2.96,15403,8686.569,1.0
2014-05-20,2.96,2.98,2.93,2.96,11624,6605.574,1.0
2014-05-21,2.96,3.0,2.92,2.98,16611,9488.943,1.0
2014-05-22,3.02,3.12,3.01,3.01,65409,38494.067,1.0
2014-05-23,2.97,3.03,2.96,3.03,27568,15858.655,1.0
2014-05-26,3.02,3.07,3.01,3.02,17926,10416.469,1.0
2014-05-27,3.01,3.31,3.01,3.14,133711,80829.604,1.0
2014-05-28,3.08,3.16,3.07,3.11,78969,46948.403,1.0
2014-05-29,3.08,3.22,3.08,3.17,109498,66065.961,1.0
2014-05-30,3.15,3.31,3.14,3.24,147519,91554.449,1.0
2014-06-03,3.2,3.3,3.17,3.18,97345,59849.323,1.0
2014-06-04,3.2,3.2,3.08,3.1,54578,32609.34,1.0
2014-06-05,3.09,3.14,3.07,3.11,44476,26393.058,1.0
2014-06-06,3.12,3.12,3.03,3.04,41189,24205.728,1.0
2014-06-09,3.04,3.07,3.0,3.01,26265,15316.524,1.0
2014-06-10,3.02,3.05,2.99,3.04,23530,13679.629,1.0
2014-06-11,3.04,3.04,3.0,3.02,23540,13649.092,1.0
2014-06-12,3.02,3.11,3.01,3.08,49298,28908.433,1.0
2014-06-13,3.06,3.09,3.04,3.07,36579,21542.042,1.0
2014-06-16,3.07,3.11,3.06,3.09,24216,14336.795,1.0
2014-06-17,3.08,3.11,3.03,3.05,23935,14108.328,1.0
2014-06-18,3.03,3.08,3.02,3.04,27297,15969.747,1.0
2014-06-19,3.04,3.04,2.92,2.94,36697,21044.529,1.0
2014-06-20,2.95,3.1,2.9,3.01,31529,18201.511,1.0
2014-06-23,2.98,3.04,2.98,3.0,23654,13684.547,1.0
2014-06-24,2.99,3.05,2.98,3.04,24484,14247.02,1.0
2014-06-25,3.02,3.04,2.99,3.01,20340,11794.987,1.0
2014-06-26,2.99,3.35,2.99,3.22,277866,173837.605,1.0
2014-06-27,3.34,3.57,3.24,3.48,430450,279374.992,1.0
2014-06-30,3.38,3.45,3.32,3.4,207263,132897.07,1.0
2014-07-01,3.38,3.64,3.36,3.47,215312,142778.075,1.0
2014-07-02,3.48,3.54,3.41,3.47,149217,97811.569,1.0
2014-07-03,3.48,3.64,3.41,3.57,234435,157255.941,1.0
2014-07-04,3.52,3.53,3.4,3.43,160545,105170.627,1.0
2014-07-07,3.43,3.48,3.39,3.46,89060,57782.979,1.0
2014-07-08,3.44,3.56,3.44,3.53,108659,71982.788,1.0
2014-07-09,3.5,3.56,3.39,3.4,97375,63785.308,1.0
2014-07-10,3.4,3.55,3.37,3.51,115940,76446.109,1.0
2014-07-11,3.51,3.74,3.49,3.65,234102,160735.257,1.0
2014-07-14,3.63,3.72,3.62,3.67,149170,102856.917,1.0
2014-07-15,3.66,3.7,3.6,3.63,90355,61951.659,1.0
2014-07-16,3.63,3.66,3.49,3.52,98712,66068.853,1.0
2014-07-17,3.51,3.57,3.47,3.51,61223,40702.732,1.0
2014-07-18,3.5,3.78,3.5,3.69,207524,143361.707,1.0
2014-07-21,3.71,3.86,3.68,3.79,262651,186646.259,1.0
2014-07-22,3.73,3.83,3.71,3.81,150416,106557.598,1.0
2014-07-23,3.79,3.89,3.73,3.82,154926,110490.278,1.0
2014-07-24,3.78,3.86,3.69,3.78,143231,101305.642,1.0
2014-07-25,3.91,4.02,3.76,3.78,211982,153308.606,1.0
2014-07-28,3.73,3.93,3.73,3.83,230371,165510.307,1.0
2014-07-29,3.82,3.86,3.79,3.83,136801,98082.594,1.0
2014-07-30,3.83,4.01,3.8,3.95,233809,171690.182,1.0
2014-07-31,3.91,4.01,3.91,3.96,131188,96866.631,1.0
2014-08-01,3.95,3.96,3.85,3.86,118786,86525.239,1.0
2014-08-04,3.83,3.92,3.83,3.92,94682,68626.897,1.0
2014-08-05,3.92,3.93,3.8,3.84,103582,74689.227,1.0
2014-08-06,3.83,3.98,3.8,3.96,207376,151344.37,1.0
2014-08-07,4.14,4.28,3.93,3.93,331171,251161.015,1.0
2014-08-08,3.85,3.9,3.76,3.83,181931,130376.387,1.0
2014-08-11,3.87,3.92,3.83,3.9,117159,84788.009,1.0
2014-08-12,3.9,3.97,3.84,3.94,143390,104885.023,1.0
2014-08-13,3.92,4.07,3.88,4.02,219624,163119.246,1.0
2014-08-14,3.98,4.25,3.97,4.19,315064,242137.645,1.0
2014-08-15,4.19,4.3,4.09,4.19,230032,179038.494,1.0
2014-08-18,4.19,4.35,4.14,4.27,222380,174643.18,1.0
2014-08-19,4.26,4.33,4.18,4.24,166871,131751.437,1.0
2014-08-20,4.2,4.22,4.12,4.17,134875,104456.319,1.0
2014-08-21,4.17,4.52,4.17,4.41,337744,271498.864,1.0
2014-08-22,4.41,4.47,4.32,4.43,234968,190947.195,1.0
2014-08-25,4.47,4.49,4.25,4.36,214621,173042.752,1.0
2014-08-26,4.2,4.2,3.88,3.88,479435,354330.192,1.0
2014-08-27,3.79,3.85,3.75,3.82,145467,103518.213,1.0
2014-08-28,3.84,3.85,3.72,3.73,122366,86596.766,1.0
2014-08-29,3.74,3.79,3.68,3.78,101610,71211.481,1.0
2014-09-01,3.78,3.85,3.75,3.85,95980,68417.365,1.0
2014-09-02,3.85,3.89,3.79,3.87,148504,106840.193,1.0
2014-09-03,3.88,3.95,3.86,3.92,149122,108885.194,1.0
2014-09-04,3.91,3.93,3.88,3.91,140723,102679.502,1.0
2014-09-05,3.92,3.93,3.84,3.9,127459,92541.711,1.0
2014-09-09,3.9,3.99,3.88,3.96,155873,115078.571,1.0
2014-09-10,3.93,4.08,3.89,4.07,236345,176128.009,1.0
2014-09-11,4.03,4.07,3.96,4.04,213248,159827.398,1.0
2014-09-12,4.02,4.05,3.98,4.04,108920,81544.476,1.0
2014-09-15,4.04,4.06,3.99,4.05,104914,78853.259,1.0
2014-09-16,4.05,4.07,3.86,3.87,163586,121826.7,1.0
2014-09-17,3.87,3.99,3.8,3.96,110873,80425.584,1.0
2014-09-18,3.95,3.95,3.87,3.91,77370,56473.487,1.0
2014-09-19,3.91,4.05,3.89,4.02,148823,110556.327,1.0
2014-09-22,3.97,4.11,3.96,4.03,177889,133831.417,1.0
2014-09-23,3.99,4.07,3.99,4.04,117089,88067.005,1.0
2014-09-24,4.03,4.18,4.01,4.12,185704,141324.954,1.0
2014-09-25,4.09,4.18,4.07,4.18,227750,174858.048,1.0
2014-09-26,4.17,4.2,4.12,4.19,151048,116742.52,1.0
2014-09-29,4.18,4.29,4.15,4.22,198453,154985.023,1.0
2014-09-30,4.23,4.23,4.14,4.15,158329,122760.301,1.0
2014-10-08,4.16,4.17,4.1,4.14,128660,98725.678,1.0
2014-10-09,4.14,4.25,4.08,4.24,197742,153580.609,1.0
2014-10-10,4.19,4.22,4.12,4.14,119501,92465.953,1.0
2014-10-13,4.12,4.12,4.02,4.08,93873,71018.178,1.0
2014-10-14,4.06,4.11,4.0,4.03,88151,66638.159,1.0
2014-10-15,4.04,4.07,3.98,4.07,69764,52288.547,1.0
2014-10-16,4.05,4.08,3.96,3.97,76083,57232.78,1.0
2014-10-17,3.95,3.98,3.73,3.83,106676,76798.612,1.0
2014-10-20,3.83,3.89,3.83,3.88,45293,32782.899,1.0
2014-10-21,3.89,3.89,3.82,3.83,45067,32539.591,1.0
2014-10-22,3.84,3.88,3.73,3.76,51512,36764.82,1.0
2014-10-23,3.75,3.78,3.66,3.69,60219,42099.343,1.0
2014-10-24,3.69,3.92,3.69,3.88,112075,80748.145,1.0
2014-10-27,3.85,3.89,3.79,3.89,77253,55423.576,1.0
2014-10-28,3.9,3.95,3.87,3.94,68983,50461.9,1.0
2014-10-29,3.95,3.99,3.89,3.97,88842,65503.48,1.0
2014-10-30,3.96,4.11,3.95,4.05,145251,109130.086,1.0
2014-10-31,4.05,4.05,3.94,3.99,88078,65464.314,1.0
2014-11-03,3.99,4.17,3.98,4.13,206629,157446.375,1.0
2014-11-04,4.11,4.15,4.04,4.08,127343,96803.32,1.0
2014-11-05,4.05,4.16,4.05,4.09,142626,109238.597,1.0
2014-11-06,4.06,4.12,3.94,4.07,117294,87855.397,1.0
2014-11-07,4.06,4.11,3.95,3.96,113522,85287.929,1.0
2014-11-10,3.96,4.18,3.94,4.11,187210,142576.613,1.0
2014-11-11,4.08,4.16,3.85,3.91,162035,120785.372,1.0
2014-11-12,3.89,3.95,3.86,3.95,59274,43376.936,1.0
2014-11-13,3.93,3.96,3.83,3.87,75333,54686.612,1.0
2014-11-14,3.85,3.9,3.8,3.89,55652,40144.009,1.0
2014-11-17,3.91,3.97,3.85,3.93,63754,46708.736,1.0
2014-11-18,3.93,3.99,3.92,3.98,56077,41451.131,1.0
2014-11-19,3.98,4.02,3.93,4.02,71624,53222.281,1.0
2014-11-20,4.01,4.07,3.98,4.02,71207,53447.831,1.0
2014-11-21,4.01,4.04,3.99,4.02,57059,42686.264,1.0
2014-11-24,4.06,4.12,4.03,4.06,120454,91440.439,1.0
2014-11-25,4.05,4.11,4.04,4.11,110649,84162.985,1.0
2014-11-26,4.1,4.43,4.09,4.32,353633,278194.864,1.0
2014-11-27,4.28,4.3,4.2,4.26,195348,153684.855,1.0
2014-11-28,4.24,4.24,4.11,4.18,177389,137931.881,1.0
2014-12-01,4.19,4.29,4.14,4.23,155717,121974.351,1.0
2014-12-02,4.23,4.28,4.2,4.25,157684,124077.258,1.0
2014-12-03,4.25,4.35,4.18,4.31,207018,163852.545,1.0
2014-12-04,4.3,4.38,4.26,4.35,199627,160069.636,1.0
2014-12-05,4.34,4.36,4.05,4.12,204318,158687.454,1.0
2014-12-08,4.09,4.22,4.06,4.19,140270,108677.064,1.0
2014-12-09,4.18,4.27,3.96,4.0,199546,153784.388,1.0
2014-12-10,4.01,4.14,3.98,4.12,112584,85391.607,1.0
2014-12-11,4.11,4.38,4.08,4.31,263512,208526.146,1.0
2014-12-12,4.33,4.79,4.28,4.79,628294,531725.712,1.0
2014-12-15,4.7,4.95,4.63,4.85,616021,541221.728,1.0
2014-12-16,4.79,4.83,4.67,4.76,299290,260825.732,1.0
2014-12-17,4.71,4.91,4.61,4.73,274040,239884.098,1.0
2014-12-18,4.69,4.91,4.62,4.82,295122,259064.011,1.0
2014-12-19,4.78,5.07,4.68,4.93,413336,371807.76,1.0
2014-12-22,4.93,5.25,4.6,4.62,458955,413150.112,1.0
2014-12-23,4.65,5.12,4.34,5.11,586477,528113.776,1.0
2014-12-24,5.06,5.3,4.92,5.17,492614,459456.56,1.0
2014-12-25,5.08,5.27,4.97,5.15,315829,295769.888,1.0
2014-12-26,5.15,5.38,5.04,5.11,332931,316407.6,1.0
2014-12-29,5.07,5.14,4.92,4.99,269158,246662.916,1.0
2014-12-30,4.96,4.98,4.72,4.76,237998,210575.318,1.0
2014-12-31,4.73,4.88,4.71,4.88,146359,129404.122,1.0
2015-01-05,4.88,5.0,4.78,4.95,214838,193116.224,1.0
2015-01-06,4.92,4.92,4.8,4.86,157019,139587.762,1.0
2015-01-07,4.8,4.96,4.8,4.9,158581,141959.425,1.0
2015-01-08,4.89,4.89,4.66,4.71,154042,134482.513,1.0
2015-01-09,4.7,4.83,4.68,4.71,112771,98609.034,1.0
2015-01-12,4.65,4.66,4.43,4.44,123356,102641.133,1.0
2015-01-13,4.43,4.56,4.42,4.54,87220,72568.82,1.0
2015-01-14,4.54,4.73,4.54,4.66,140907,120264.514,1.0
2015-01-15,4.62,4.67,4.54,4.66,84297,71743.796,1.0
2015-01-16,4.66,4.77,4.59,4.76,152413,131641.799,1.0
2015-01-22,4.8,5.01,4.73,4.86,257743,230932.55,1.0
2015-01-23,4.83,4.85,4.67,4.73,131881,115728.77,1.0
2015-01-26,4.72,4.77,4.63,4.76,128465,110902.36,1.0
2015-01-27,4.76,4.83,4.7,4.82,132140,115907.05,1.0
2015-01-28,4.8,4.82,4.72,4.73,102303,89472.109,1.0
2015-01-29,4.67,4.69,4.59,4.6,102376,87278.621,1.0
2015-01-30,4.74,5.02,4.73,4.83,288045,257248.084,1.0
2015-02-02,4.7,4.81,4.63,4.66,132139,114517.399,1.0
2015-02-03,4.69,5.0,4.69,4.99,217305,193751.233,1.0
2015-02-04,4.98,5.02,4.86,4.87,174791,157638.81,1.0
2015-02-05,4.93,4.96,4.8,4.82,135086,120814.487,1.0
2015-02-06,4.83,4.84,4.57,4.63,131336,112807.934,1.0
2015-02-09,4.65,4.67,4.59,4.62,53003,45077.932,1.0
2015-02-10,4.62,4.65,4.59,4.64,47371,40347.52,1.0
2015-02-11,4.65,4.68,4.63,4.64,50296,43055.101,1.0
2015-02-12,4.66,4.76,4.64,4.73,74231,64316.314,1.0
2015-02-13,4.75,4.82,4.72,4.79,93916,82444.004,1.0
2015-02-16,4.8,4.88,4.75,4.83,88195,78358.565,1.0
2015-02-17,4.87,4.9,4.83,4.85,67849,60354.688,1.0
2015-02-25,4.85,4.88,4.79,4.82,75390,66814.839,1.0
2015-02-26,4.83,5.22,4.82,5.12,332680,307664.32,1.0
2015-02-27,5.09,5.19,5.03,5.15,217271,202902.641,1.0
2015-03-02,5.16,5.7,5.12,5.7,556870,557891.04,1.0
2015-03-03,5.74,6.27,5.7,5.95,662551,713585.12,1.0
2015-03-04,5.95,6.15,5.89,6.1,364625,396660.928,1.0
2015-03-05,6.08,6.29,5.96,6.12,239891,265535.119,1.0
2015-03-06,6.11,6.22,5.8,5.92,237415,256215.391,1.0
2015-03-09,5.87,6.14,5.75,6.14,224439,243002.751,1.0
2015-03-10,6.14,6.29,5.99,6.18,208664,231232.454,1.0
2015-03-11,6.24,6.85,6.02,6.85,382698,449628.704,1.0
2015-03-12,6.99,7.46,6.79,6.82,452100,572495.408,1.0
2015-03-13,6.74,7.19,6.64,7.1,288277,357531.92,1.0
2015-03-16,7.1,7.25,6.92,7.13,251074,319080.144,1.0
2015-03-17,7.48,7.89,7.21,7.34,709667,951234.208,1.0
2015-03-18,7.38,7.41,7.11,7.37,325066,421079.488,1.0
2015-03-19,7.28,7.55,7.18,7.44,360905,474918.752,1.0
2015-03-20,7.41,7.41,7.28,7.34,245148,320549.712,1.0
2015-03-23,7.34,7.49,7.22,7.38,260910,340841.184,1.0
2015-03-24,7.38,7.38,6.79,7.18,250761,321570.8,1.0
2015-03-25,7.18,7.18,6.94,7.05,259293,325499.888,1.0
2015-03-26,7.02,7.12,6.9,7.01,164430,206825.511,1.0
2015-03-27,7.01,7.37,6.99,7.21,249941,322069.472,1.0
2015-03-30,7.34,7.46,7.23,7.31,305429,400391.248,1.0
2015-03-31,7.34,7.38,7.15,7.17,206414,265687.541,1.0
2015-04-01,7.1,7.22,7.09,7.19,205704,263245.084,1.0
2015-04-02,7.17,7.75,7.13,7.51,411892,545940.352,1.0
2015-04-03,7.44,8.31,7.38,8.31,561956,785420.624,1.0
2015-04-07,8.93,9.05,8.58,8.69,895963,1391180.928,1.0
2015-04-08,8.69,8.7,8.22,8.43,488947,732190.96,1.0
2015-04-09,8.43,8.43,8.05,8.2,326185,474837.024,1.0
2015-04-10,8.15,8.64,8.08,8.54,394660,589023.584,1.0
2015-04-13,8.53,8.64,8.17,8.5,291538,438518.88,1.0
2015-04-14,8.46,8.94,8.28,8.82,511912,788074.352,1.0
2015-04-15,8.78,9.34,8.53,8.94,580996,926997.872,1.0
2015-04-16,8.51,8.75,8.37,8.62,326927,496593.872,1.0
2015-04-17,8.63,8.9,8.49,8.63,326080,499982.816,1.0
2015-04-20,8.47,8.8,8.28,8.29,371764,558804.416,1.0
2015-04-21,8.29,8.41,8.11,8.34,283123,415948.384,1.0
2015-04-22,8.36,8.69,8.34,8.52,334191,503927.808,1.0
2015-04-23,8.44,8.73,8.37,8.61,396113,599698.768,1.0
2015-04-24,8.52,8.52,8.25,8.38,276959,411457.904,1.0
2015-04-27,9.26,9.26,8.61,8.7,666389,1049334.416,1.0
2015-04-28,8.57,8.7,8.17,8.23,365664,542219.344,1.0
2015-04-29,8.11,8.43,8.05,8.35,206296,302562.784,1.0
2015-04-30,8.45,8.45,8.21,8.24,188610,277370.72,1.0
2015-05-04,8.2,8.31,8.07,8.18,158939,230609.956,1.0
2015-05-05,8.22,8.22,7.4,7.43,299422,416645.12,1.0
2015-05-06,7.44,7.77,7.31,7.46,217511,292632.32,1.0
2015-05-07,7.5,7.55,7.04,7.09,164512,214408.035,1.0
2015-05-08,7.18,7.75,7.18,7.63,265454,352266.176,1.0
2015-05-11,7.76,7.94,7.64,7.9,207430,287370.016,1.0
2015-05-12,7.9,8.01,7.72,7.96,321082,447890.192,1.0
2015-05-13,8.46,8.8,8.3,8.8,354691,543347.44,1.0
2015-05-14,9.31,9.34,8.5,8.57,858173,1349638.256,1.0
2015-05-15,8.33,8.47,8.01,8.11,376602,546816.576,1.0
2015-05-18,8.04,8.41,7.94,8.09,220084,319640.928,1.0
2015-05-19,8.02,8.22,7.98,8.18,229519,331556.32,1.0
2015-05-20,8.22,8.58,8.12,8.36,348059,516779.888,1.0
2015-05-21,8.32,8.85,8.31,8.82,463595,709728.832,1.0
2015-05-22,9.26,9.34,8.73,9.02,618221,988185.792,1.0
2015-05-25,8.83,9.4,8.67,9.38,698118,1113340.56,1.0
2015-05-26,9.4,9.66,9.09,9.59,660748,1095573.328,1.0
2015-05-27,9.53,9.93,9.11,9.63,687916,1147069.28,1.0
2015-05-28,9.66,9.8,8.63,8.63,523977,864362.032,1.0
2015-05-29,8.55,8.76,7.96,8.4,341444,507846.96,1.0
2015-06-01,8.4,8.91,8.4,8.86,314673,482143.68,1.0
2015-06-02,8.91,9.78,8.73,9.78,646841,1077514.96,1.0
2015-06-03,10.15,10.5,9.79,10.14,975859,1738765.664,1.0
2015-06-04,10.02,10.09,9.14,9.9,447688,761495.104,1.0
2015-06-05,9.95,10.41,9.85,10.14,575911,1023432.944,1.0
2015-06-08,10.16,10.24,9.67,9.84,376689,655761.28,1.0
2015-06-09,9.84,10.54,9.69,10.43,572807,1025668.336,1.0
2015-06-10,10.2,11.15,10.11,10.76,555742,1049712.56,1.0
2015-06-11,10.85,11.88,10.63,11.84,688257,1356079.584,1.0
2015-06-12,11.72,12.28,11.34,11.94,651022,1338851.728,1.0
2015-06-15,12.08,12.75,11.56,11.75,510352,1088258.464,1.0
2015-06-16,11.42,12.1,10.91,11.46,448956,898835.28,1.0
2015-06-17,11.41,11.63,10.58,11.32,340536,664900.752,1.0
2015-06-18,11.38,11.82,10.89,11.05,292579,587976.08,1.0
2015-06-19,10.56,11.01,9.91,9.91,292047,526778.096,1.0
2015-06-23,9.67,9.97,8.88,9.76,320272,526849.84,1.0
2015-06-24,9.85,10.02,9.35,9.91,341899,588026.352,1.0
2015-06-25,9.91,10.93,9.56,10.93,664843,1229764.32,1.0
2015-06-26,10.23,10.86,9.8,9.8,452529,817344.016,1.0
2015-06-29,10.09,10.15,8.79,8.79,380219,618854.208,1.0
2015-06-30,8.46,9.3,7.87,9.05,396813,599036.464,1.0
2015-07-01,8.98,9.51,8.2,8.24,384784,611947.184,1.0
2015-07-02,8.18,8.55,7.37,7.37,292402,402972.016,1.0
2015-07-03,6.63,7.31,6.6,6.6,270388,325432.096,1.0
2015-07-06,7.19,7.25,5.9,5.9,382679,437921.168,1.0
2015-07-07,5.31,5.47,5.27,5.27,94499,90687.843,1.0
2015-07-08,4.7,4.7,4.7,4.7,17406,14969.16,1.0
2015-07-13,5.21,5.21,5.21,5.21,8021,7587.639,1.0
2015-07-14,5.78,5.78,5.78,5.78,8205,8541.665,1.0
2015-07-15,6.39,6.39,5.35,5.36,661188,707776.896,1.0
2015-07-16,4.95,5.77,4.92,5.55,330758,324460.144,1.0
2015-07-17,5.58,6.14,5.56,6.14,338088,363566.96,1.0
2015-07-20,6.27,6.77,6.12,6.7,483639,554068.72,1.0
2015-07-21,6.42,7.22,6.32,6.91,428966,525735.376,1.0
2015-07-22,6.73,7.31,6.73,7.1,451477,563069.824,1.0
2015-07-23,7.15,7.85,7.04,7.71,632361,852400.096,1.0
2015-07-24,7.62,8.27,7.49,7.74,616943,858748.208,1.0
2015-07-27,7.51,7.95,6.93,6.93,398535,525943.552,1.0
2015-07-28,6.2,7.04,6.2,6.25,458974,524997.568,1.0
2015-07-29,6.44,6.9,6.01,6.83,372508,426068.288,1.0
2015-07-30,6.73,7.55,6.63,7.28,783090,1020953.36,1.0
2015-07-31,7.54,8.05,7.31,8.05,1074757,1504275.92,1.0
2015-08-03,7.94,8.12,7.21,7.21,828503,1123110.848,1.0
2015-08-04,6.95,7.96,6.85,7.95,603499,807611.28,1.0
2015-08-05,7.9,8.73,7.78,8.7,905943,1345747.536,1.0
2015-08-06,8.4,9.35,8.28,8.89,998274,1556880.752,1.0
2015-08-07,8.75,8.96,8.3,8.73,719187,1096044.496,1.0
2015-08-10,8.88,9.4,8.84,9.17,683265,1089460.176,1.0
2015-08-11,9.15,9.36,8.82,8.97,638577,1023981.36,1.0
2015-08-12,8.89,8.99,8.6,8.63,380849,590208.448,1.0
2015-08-13,8.48,9.04,8.47,8.97,355544,555824.496,1.0
2015-08-14,9.12,9.89,9.01,9.83,670885,1120576.656,1.0
2015-08-17,9.68,10.0,9.4,9.7,599135,1020629.664,1.0
2015-08-18,9.67,10.24,8.7,8.7,647073,1083623.152,1.0
2015-08-19,8.31,9.61,8.2,9.61,719864,1151493.616,1.0
2015-08-20,9.68,10.34,9.26,9.67,836566,1449536.112,1.0
2015-08-21,9.3,10.06,8.68,9.33,676087,1114637.12,1.0
2015-08-24,8.68,9.25,8.36,8.36,289803,438828.608,1.0
2015-08-25,7.49,7.72,7.49,7.49,248312,331414.208,1.0
2015-08-26,7.6,7.66,6.7,6.7,727587,917544.64,1.0
2015-08-27,6.54,6.91,5.99,6.33,566200,639516.256,1.0
2015-08-28,6.51,6.99,6.3,6.99,529105,632968.704,1.0
2015-08-31,7.04,7.04,6.25,6.3,472187,566544.4,1.0
2015-09-01,5.89,6.09,5.63,5.63,296822,305012.128,1.0
2015-09-02,5.07,5.8,5.02,5.02,375089,355576.736,1.0
2015-09-07,5.31,5.56,5.31,5.56,499143,498399.008,1.0
2015-09-08,5.58,5.83,5.03,5.76,526232,518137.328,1.0
2015-09-09,5.76,6.12,5.75,6.04,580601,621911.824,1.0
2015-09-10,5.83,5.91,5.66,5.69,355848,371628.8,1.0
2015-09-11,5.66,5.83,5.54,5.75,269748,277882.16,1.0
2015-09-14,5.89,6.03,5.14,5.14,398693,404882.08,1.0
2015-09-15,4.88,5.1,4.59,4.59,273098,238713.473,1.0
2015-09-16,4.76,5.09,4.57,5.08,302926,267232.412,1.0
2015-09-17,5.07,5.62,4.94,5.1,467821,450262.224,1.0
2015-09-18,5.12,5.33,4.95,5.17,315834,293900.608,1.0
2015-09-21,5.06,5.41,4.96,5.31,299611,283734.784,1.0
2015-09-22,5.31,5.41,5.22,5.33,322971,311632.768,1.0
2015-09-23,5.21,5.31,5.06,5.12,230240,216109.329,1.0
2015-09-24,5.17,5.23,5.09,5.18,159777,149657.169,1.0
2015-09-25,5.17,5.17,4.74,4.91,196662,178036.228,1.0
2015-09-28,4.97,5.0,4.84,4.99,121705,109520.129,1.0
2015-09-29,4.82,5.38,4.79,5.11,294702,273386.736,1.0
2015-09-30,5.11,5.15,5.01,5.04,145480,133871.032,1.0
2015-10-08,5.22,5.29,5.12,5.25,229702,217835.617,1.0
2015-10-09,5.24,5.45,5.19,5.36,273292,265044.597,1.0
2015-10-12,5.37,5.68,5.3,5.62,410056,409856.0,1.0
2015-10-13,5.53,5.89,5.48,5.82,397217,405262.72,1.0
2015-10-14,5.72,5.76,5.55,5.57,307861,313696.624,1.0
2015-10-15,5.52,5.74,5.5,5.7,280726,286975.968,1.0
2015-10-16,5.76,6.09,5.73,5.95,509578,541529.328,1.0
2015-10-19,5.95,6.09,5.78,5.87,392911,419695.84,1.0
2015-10-20,5.83,6.06,5.8,6.04,333433,356544.704,1.0
2015-10-21,6.02,6.24,5.4,5.54,455188,481024.384,1.0
2015-10-22,5.51,6.13,5.51,6.13,572803,606274.816,1.0
2015-10-23,6.13,6.23,5.98,6.18,469262,516845.584,1.0
2015-10-26,6.29,6.29,6.01,6.11,312588,344042.464,1.0
2015-10-27,6.07,6.11,5.72,6.07,260537,278280.656,1.0
2015-10-28,6.16,6.42,6.04,6.22,456636,511291.792,1.0
2015-10-29,6.22,6.3,6.07,6.18,263992,293531.632,1.0
2015-10-30,6.18,6.39,5.95,6.2,270181,301067.424,1.0
2015-11-02,6.05,6.17,5.87,5.91,195687,212149.246,1.0
2015-11-03,5.93,6.09,5.77,5.88,179188,191133.052,1.0
2015-11-04,5.88,6.27,5.86,6.21,266574,292538.64,1.0
2015-11-05,6.26,6.41,6.17,6.27,374467,422456.512,1.0
2015-11-06,6.28,6.53,6.19,6.41,364501,416017.344,1.0
2015-11-09,6.31,6.54,6.2,6.44,357467,408715.008,1.0
2015-11-10,6.36,7.05,6.33,6.76,490051,589961.52,1.0
2015-11-11,6.76,6.96,6.64,6.81,339379,411035.6,1.0
2015-11-12,6.78,6.88,6.63,6.67,271639,326327.6,1.0
2015-11-13,6.58,6.98,6.36,6.72,429525,514662.528,1.0
2015-11-16,6.49,7.06,6.46,7.01,410454,498836.16,1.0
2015-11-17,7.02,7.22,6.82,6.92,424066,532183.296,1.0
2015-11-18,6.92,6.92,6.61,6.67,210585,254597.962,1.0
2015-11-19,6.67,6.79,6.59,6.78,189112,226271.703,1.0
2015-11-20,6.8,6.98,6.74,6.8,234192,286188.864,1.0
2015-11-23,6.73,6.77,6.54,6.6,219555,262063.317,1.0
2015-11-24,6.64,6.77,6.57,6.76,160458,190901.604,1.0
2015-11-25,6.78,6.86,6.69,6.85,214750,260137.211,1.0
2015-11-26,6.82,6.92,6.73,6.75,228981,278479.984,1.0
2015-11-27,6.69,6.75,6.04,6.08,267730,306611.504,1.0
2015-11-30,5.99,6.18,5.54,5.95,195201,207369.465,1.0
2015-12-01,5.93,6.08,5.8,6.01,123157,131947.223,1.0
2015-12-02,6.01,6.12,5.79,6.11,137186,148370.068,1.0
2015-12-03,6.05,6.18,6.05,6.18,125913,138666.549,1.0
2015-12-04,6.12,6.24,6.08,6.14,137185,151614.947,1.0
2015-12-07,6.15,6.23,6.09,6.23,130629,144766.809,1.0
2015-12-08,6.18,6.18,5.92,5.95,126944,137329.309,1.0
2015-12-09,5.88,6.12,5.88,6.04,122997,133245.484,1.0
2015-12-10,5.99,6.08,5.93,5.96,86035,92907.068,1.0
2015-12-11,5.96,6.0,5.75,5.88,85081,89818.418,1.0
2015-12-14,5.83,6.09,5.77,6.06,92708,99672.627,1.0
2015-12-15,6.06,6.12,6.01,6.07,87552,95495.354,1.0
2015-12-16,6.08,6.15,6.05,6.1,94800,104036.15,1.0
2015-12-17,6.11,6.34,6.1,6.29,193297,216078.853,1.0
2015-12-18,6.25,6.37,6.21,6.28,152442,171884.82,1.0
2015-12-21,6.37,6.48,6.3,6.42,173928,198958.405,1.0
2015-12-22,6.4,6.82,6.35,6.72,328604,386963.168,1.0
2015-12-23,6.63,6.7,6.48,6.53,204004,240193.148,1.0
2015-12-24,6.6,6.66,6.42,6.6,159303,186929.778,1.0
2015-12-25,6.56,6.62,6.47,6.57,110622,129598.864,1.0
2015-12-28,6.57,6.64,6.18,6.2,178026,204906.173,1.0
2015-12-29,6.18,6.26,6.12,6.25,96628,107545.333,1.0
2015-12-30,6.26,6.38,6.23,6.33,94097,106629.727,1.0
2015-12-31,6.33,6.39,6.28,6.3,86356,98125.854,1.0
2016-01-04,6.3,6.33,5.63,5.63,107772,114549.059,1.0
2016-01-05,5.36,5.61,5.13,5.46,149318,146614.309,1.0
2016-01-06,5.5,5.59,5.43,5.58,95681,95619.049,1.0
2016-01-07,5.44,5.47,4.99,5.0,28876,27268.15,1.0
2016-01-08,4.82,5.24,4.82,5.1,139529,128655.987,1.0
2016-01-11,4.94,5.05,4.6,4.64,121094,106991.087,1.0
2016-01-12,4.66,4.75,4.59,4.69,84325,72215.831,1.0
2016-01-13,4.69,4.86,4.61,4.64,102798,89237.271,1.0
2016-01-14,4.49,4.87,4.41,4.83,115486,98808.674,1.0
2016-01-15,4.76,4.8,4.46,4.54,93465,79229.42,1.0
2016-01-18,4.37,4.64,4.37,4.54,97463,80998.73,1.0
2016-01-19,4.53,4.76,4.47,4.74,112424,95818.395,1.0
2016-01-20,4.72,4.75,4.59,4.67,107192,91624.072,1.0
2016-01-21,4.59,4.73,4.51,4.51,93665,79323.144,1.0
2016-01-22,4.59,4.64,4.45,4.59,80402,67175.376,1.0
2016-01-25,4.64,4.67,4.56,4.63,71266,60371.449,1.0
2016-01-26,4.55,4.57,4.14,4.18,119197,95915.836,1.0
2016-01-27,4.24,4.25,3.79,4.02,121469,90289.225,1.0
2016-01-28,4.02,4.02,3.71,3.73,111395,80573.889,1.0
2016-01-29,3.77,3.95,3.73,3.89,103659,74322.908,1.0
2016-02-01,3.89,3.98,3.85,3.97,111571,81421.961,1.0
2016-02-02,3.98,4.21,3.95,4.17,93365,71125.523,1.0
2016-02-03,4.07,4.19,4.02,4.15,58937,44699.78,1.0
2016-02-04,4.15,4.25,4.15,4.22,62950,48934.5,1.0
2016-02-05,4.23,4.32,4.18,4.22,61323,48162.54,1.0
2016-02-15,4.08,4.2,4.02,4.17,56527,42850.799,1.0
2016-02-16,4.2,4.43,4.2,4.37,90208,72002.668,1.0
2016-02-17,4.43,4.6,4.39,4.47,112886,92946.38,1.0
2016-02-18,4.5,4.58,4.43,4.48,109086,89874.921,1.0
2016-02-19,4.46,4.52,4.41,4.5,68359,56073.105,1.0
2016-02-22,4.59,4.73,4.52,4.72,153809,130060.659,1.0
2016-02-23,4.71,4.75,4.53,4.73,146113,124368.33,1.0
2016-02-24,4.72,4.75,4.61,4.69,121113,103679.646,1.0
2016-02-25,4.67,4.68,4.18,4.18,150714,122059.507,1.0
2016-02-26,4.29,4.33,4.11,4.22,80263,62398.722,1.0
2016-02-29,4.21,4.22,3.85,3.99,91976,67524.218,1.0
2016-03-01,4.02,4.14,3.93,4.09,74894,55989.023,1.0
2016-03-02,4.11,4.54,4.08,4.54,175556,141430.303,1.0
2016-03-03,4.59,4.64,4.5,4.54,183732,153944.355,1.0
2016-03-04,4.54,4.59,4.3,4.43,142464,116593.262,1.0
2016-03-07,4.56,4.6,4.47,4.58,136716,113791.195,1.0
2016-03-08,4.82,5.04,4.58,5.02,478843,421348.176,1.0
2016-03-09,4.7,4.84,4.62,4.62,210438,181595.815,1.0
2016-03-10,4.64,4.72,4.46,4.47,136100,113338.943,1.0
2016-03-11,4.43,4.49,4.36,4.43,92524,75082.91,1.0
2016-03-14,4.66,4.7,4.59,4.6,154729,131541.903,1.0
2016-03-15,4.6,4.67,4.53,4.56,101209,84971.56,1.0
2016-03-16,4.6,4.63,4.41,4.46,96611,79776.935,1.0
2016-03-17,4.5,4.62,4.47,4.58,127872,106718.2,1.0
2016-03-18,4.59,4.75,4.56,4.72,209721,179447.246,1.0
2016-03-21,4.78,4.99,4.74,4.97,258543,227431.245,1.0
2016-03-22,4.88,4.94,4.8,4.89,198496,176471.217,1.0
2016-03-23,4.96,4.96,4.79,4.88,164307,145834.815,1.0
2016-03-24,4.82,4.86,4.73,4.76,136270,119196.362,1.0
2016-03-25,4.75,5.1,4.75,4.92,233917,211038.95,1.0
2016-03-28,4.93,4.95,4.83,4.86,151285,135293.817,1.0
2016-03-29,4.87,4.87,4.65,4.69,116961,101118.964,1.0
2016-03-30,4.75,4.87,4.73,4.86,110812,97035.373,1.0
2016-03-31,4.88,4.92,4.82,4.85,126748,112607.445,1.0
2016-04-01,4.84,4.84,4.7,4.79,92754,80640.261,1.0
2016-04-05,4.79,4.92,4.75,4.91,141627,125786.581,1.0
2016-04-06,4.88,5.02,4.86,5.0,197183,177953.489,1.0
2016-04-07,5.04,5.05,4.85,4.86,156183,139932.76,1.0
2016-04-08,4.84,5.08,4.79,5.06,286823,259233.845,1.0
2016-04-11,5.11,5.22,5.02,5.13,284854,264914.727,1.0
2016-04-12,5.14,5.14,4.97,5.03,168248,153986.721,1.0
2016-04-13,5.08,5.27,5.04,5.14,266378,249949.815,1.0
2016-04-14,5.16,5.18,5.06,5.15,164206,152469.313,1.0
2016-04-15,5.15,5.16,5.04,5.09,132990,122929.103,1.0
2016-04-18,5.07,5.1,4.97,5.04,106842,97818.534,1.0
2016-04-19,5.09,5.09,4.97,5.04,102391,93697.438,1.0
2016-04-20,5.07,5.07,4.59,4.68,180187,157931.967,1.0
2016-04-21,4.68,4.82,4.65,4.67,104744,90339.734,1.0
2016-04-22,4.59,4.69,4.54,4.69,73403,62218.521,1.0
2016-04-25,4.67,4.67,4.52,4.6,66073,55408.271,1.0
2016-04-26,4.62,4.65,4.57,4.64,52942,44726.462,1.0
2016-04-27,4.64,4.73,4.62,4.67,73577,62901.218,1.0
2016-04-28,4.65,4.91,4.53,4.76,148831,128585.974,1.0
2016-04-29,4.68,4.78,4.66,4.7,77322,66645.911,1.0
2016-05-03,4.7,4.86,4.68,4.83,118424,103686.301,1.0
2016-05-04,4.79,4.84,4.76,4.79,96224,84300.137,1.0
2016-05-05,4.77,4.97,4.77,4.91,153133,136622.816,1.0
2016-05-06,4.88,4.9,4.61,4.62,162194,140679.409,1.0
2016-05-09,4.57,4.59,4.37,4.4,96945,79049.706,1.0
2016-05-10,4.4,4.44,4.38,4.42,39468,31990.056,1.0
2016-05-11,4.43,4.46,4.36,4.37,40981,33250.357,1.0
2016-05-12,4.34,4.34,4.2,4.31,53702,42237.059,1.0
2016-05-13,4.28,4.36,4.27,4.31,37013,29451.378,1.0
2016-05-16,4.25,4.36,4.24,4.36,43930,34860.612,1.0
2016-05-17,4.37,4.39,4.28,4.38,51314,40987.604,1.0
2016-05-18,4.35,4.41,4.2,4.33,72567,57264.943,1.0
2016-05-19,4.3,4.4,4.3,4.31,55546,44433.973,1.0
2016-05-20,4.27,4.36,4.22,4.33,45199,35877.717,1.0
2016-05-23,4.34,4.38,4.32,4.38,63716,51066.425,1.0
2016-05-24,4.38,4.38,4.26,4.29,47033,37308.893,1.0
2016-05-25,4.33,4.36,4.25,4.28,41285,32700.947,1.0
2016-05-26,4.28,4.3,4.09,4.25,66248,51076.877,1.0
2016-05-27,4.23,4.25,4.2,4.22,31864,24857.591,1.0
2016-05-30,4.19,4.24,4.14,4.21,32236,24997.593,1.0
2016-05-31,4.23,4.39,4.2,4.39,81042,64658.019,1.0
2016-06-01,4.39,4.46,4.36,4.38,83014,67210.255,1.0
2016-06-02,4.37,4.45,4.36,4.43,65458,53120.558,1.0
2016-06-03,4.42,4.44,4.37,4.43,69479,56250.758,1.0
2016-06-06,4.41,4.5,4.41,4.46,81529,66565.608,1.0
2016-06-07,4.45,4.46,4.4,4.41,48574,39423.217,1.0
2016-06-08,4.41,4.41,4.31,4.36,55062,44114.085,1.0
2016-06-13,4.3,4.31,4.16,4.17,60888,47662.823,1.0
2016-06-14,4.17,4.22,4.14,4.18,36485,28133.535,1.0
2016-06-15,4.17,4.32,4.17,4.28,52125,41019.251,1.0
2016-06-16,4.28,4.3,4.23,4.27,44705,35137.404,1.0
2016-06-17,4.27,4.36,4.27,4.3,55624,44215.413,1.0
2016-06-20,4.33,4.4,4.3,4.36,50196,40069.771,1.0
2016-06-21,4.39,4.4,4.24,4.27,54162,43090.654,1.0
2016-06-22,4.22,4.31,4.22,4.31,33145,26118.386,1.0
2016-06-23,4.31,4.33,4.25,4.31,38529,30505.439,1.0
2016-06-24,4.31,4.33,4.16,4.28,58170,45604.29,1.0
2016-06-27,4.24,4.36,4.23,4.34,56487,44822.577,1.0
2016-06-28,4.32,4.39,4.31,4.38,60035,48078.112,1.0
2016-06-29,4.4,4.46,4.37,4.41,64089,51637.597,1.0
2016-06-30,4.43,4.43,4.37,4.39,50186,40238.805,1.0
2016-07-01,4.4,4.43,4.36,4.39,49503,39772.429,1.0
2016-07-04,4.39,4.64,4.38,4.6,146343,120695.019,1.0
2016-07-05,4.62,4.69,4.56,4.66,141875,119373.789,1.0
2016-07-06,4.61,5.02,4.59,4.85,282440,246320.964,1.0
2016-07-07,4.85,5.18,4.85,5.0,377565,344094.128,1.0
2016-07-08,4.95,5.08,4.88,5.02,271994,245856.208,1.0
2016-07-11,5.22,5.38,5.08,5.09,371190,349961.44,1.0
2016-07-12,5.2,5.28,5.03,5.11,219881,203663.705,1.0
2016-07-13,5.03,5.16,5.03,5.11,158342,145690.649,1.0
2016-07-14,5.11,5.24,5.06,5.1,127935,118806.983,1.0
2016-07-15,5.07,5.11,4.98,5.02,122423,111416.716,1.0
2016-07-18,5.02,5.12,5.01,5.03,93432,85587.417,1.0
2016-07-19,5.01,5.05,4.84,4.93,133968,119442.692,1.0
2016-07-20,4.91,5.0,4.86,4.93,74326,66418.351,1.0
2016-07-21,4.97,5.0,4.89,4.96,85866,76934.634,1.0
2016-07-22,4.96,4.99,4.87,4.88,64206,57148.139,1.0
2016-07-25,4.87,4.92,4.79,4.82,68652,60519.077,1.0
2016-07-26,4.83,4.94,4.83,4.93,59039,52416.304,1.0
2016-07-27,4.94,4.96,4.58,4.73,121753,105681.848,1.0
2016-07-28,4.7,4.77,4.62,4.73,65065,55746.027,1.0
2016-07-29,4.73,4.83,4.69,4.78,57251,49656.483,1.0
2016-08-01,4.71,4.78,4.59,4.64,58334,49285.51,1.0
2016-08-02,4.62,4.73,4.62,4.71,49377,41922.915,1.0
2016-08-03,4.69,4.85,4.68,4.82,79627,69422.334,1.0
2016-08-04,4.81,4.83,4.73,4.82,48977,42483.795,1.0
2016-08-05,4.79,4.82,4.74,4.76,53292,46190.643,1.0
2016-08-08,4.72,4.88,4.66,4.86,83435,72727.715,1.0
2016-08-09,4.83,5.04,4.82,5.0,134747,121181.962,1.0
2016-08-10,5.03,5.05,4.95,4.95,69451,62718.528,1.0
2016-08-11,4.93,4.99,4.79,4.8,60563,53475.836,1.0
2016-08-12,4.78,4.89,4.73,4.88,64908,56711.447,1.0
2016-08-15,4.88,4.99,4.84,4.97,92569,82918.039,1.0
2016-08-16,5.02,5.02,4.93,4.98,91690,82493.09,1.0
2016-08-17,4.97,4.98,4.92,4.95,55821,50037.897,1.0
2016-08-18,4.96,5.0,4.93,4.95,45039,40453.48,1.0
2016-08-19,4.95,5.02,4.93,4.95,77687,69954.091,1.0
2016-08-22,4.95,4.99,4.87,4.89,76734,68473.218,1.0
2016-08-23,4.94,5.14,4.9,5.12,250190,229643.814,1.0
2016-08-24,5.12,5.19,5.01,5.04,127029,116748.642,1.0
2016-08-25,5.01,5.01,4.86,4.87,129200,114749.321,1.0
2016-08-26,4.87,5.01,4.87,5.01,101662,91006.274,1.0
2016-08-29,5.0,5.05,4.96,5.0,63238,57210.266,1.0
2016-08-30,5.02,5.12,4.98,5.05,107201,97906.262,1.0
2016-08-31,5.05,5.06,4.89,4.95,98926,88617.35,1.0
2016-09-01,4.92,4.95,4.85,4.86,72525,64321.974,1.0
2016-09-02,4.86,4.89,4.78,4.85,65886,57808.594,1.0
2016-09-05,4.86,4.93,4.84,4.85,45298,40063.046,1.0
2016-09-06,4.86,4.92,4.79,4.91,50941,44933.089,1.0
2016-09-07,4.91,5.04,4.91,4.97,112263,101518.085,1.0
2016-09-08,4.97,5.05,4.95,5.02,92994,84275.073,1.0
2016-09-09,5.03,5.05,4.93,5.02,95833,86667.927,1.0
2016-09-12,4.95,4.95,4.85,4.86,74443,66020.157,1.0
2016-09-13,4.9,4.96,4.86,4.96,65384,58032.762,1.0
2016-09-14,4.92,5.43,4.92,5.25,371661,349910.768,1.0
2016-09-19,5.19,5.3,5.16,5.26,219545,206864.062,1.0
2016-09-20,5.24,5.25,5.15,5.16,143997,134860.556,1.0
2016-09-21,5.14,5.19,5.11,5.15,107266,99797.789,1.0
2016-09-22,5.19,5.4,5.15,5.33,248026,235674.344,1.0
2016-09-23,5.29,5.48,5.27,5.39,287254,279170.4,1.0
2016-09-26,5.34,5.36,5.1,5.11,183599,172709.851,1.0
2016-09-27,5.07,5.19,4.99,5.18,141462,129739.586,1.0
2016-09-28,5.17,5.18,5.07,5.1,85841,79363.653,1.0
2016-09-29,5.09,5.31,5.09,5.22,164786,155288.826,1.0
2016-09-30,5.15,5.24,5.12,5.2,101722,95161.583,1.0
2016-10-10,5.22,5.3,5.16,5.29,129110,122132.341,1.0
2016-10-11,5.29,5.38,5.21,5.33,202605,193008.379,1.0
2016-10-12,5.28,5.41,5.27,5.34,140609,135207.885,1.0
2016-10-13,5.32,5.33,5.22,5.27,137868,131137.167,1.0
2016-10-14,5.26,5.28,5.19,5.27,107674,101651.081,1.0
2016-10-17,5.27,5.3,5.11,5.12,111611,105084.706,1.0
2016-10-18,5.13,5.23,5.12,5.22,83420,78021.746,1.0
2016-10-19,5.23,5.25,5.17,5.19,64875,60886.472,1.0
2016-10-20,5.2,5.42,5.15,5.4,340439,327248.16,1.0
2016-10-21,5.36,5.38,5.24,5.33,198293,189810.174,1.0
2016-10-24,5.33,5.41,5.28,5.38,170996,164924.198,1.0
2016-10-25,5.38,5.46,5.33,5.38,181657,176429.768,1.0
2016-10-26,5.36,5.36,5.25,5.27,134308,128181.346,1.0
2016-10-27,5.27,5.31,5.21,5.3,86481,82094.322,1.0
2016-10-28,5.25,5.31,5.09,5.11,164325,153932.775,1.0
2016-10-31,5.08,5.08,4.97,5.0,132673,120353.336,1.0
2016-11-01,5.0,5.12,5.0,5.07,120780,110482.862,1.0
2016-11-02,5.08,5.19,5.04,5.08,128712,119099.794,1.0
2016-11-03,5.08,5.11,5.01,5.05,113769,104032.57,1.0
2016-11-04,4.96,4.97,4.8,4.81,539371,476931.6,1.0
2016-11-07,4.79,4.86,4.79,4.83,192783,168584.012,1.0
2016-11-08,4.85,4.91,4.84,4.88,159873,141389.924,1.0
2016-11-09,4.88,4.93,4.8,4.89,161271,142395.615,1.0
2016-11-10,4.92,5.01,4.9,4.95,241208,216915.756,1.0
2016-11-11,4.95,5.17,4.91,5.15,425117,388702.432,1.0
2016-11-14,5.12,5.12,5.04,5.09,252420,231733.519,1.0
2016-11-15,5.12,5.17,5.05,5.12,246951,227904.911,1.0
2016-11-16,5.12,5.12,5.02,5.07,183554,168116.992,1.0
2016-11-17,5.07,5.1,5.0,5.05,137862,125685.316,1.0
2016-11-18,5.08,5.14,5.05,5.09,185295,170692.226,1.0
2016-11-21,5.12,5.16,5.06,5.09,156401,144341.459,1.0
2016-11-22,5.08,5.14,5.07,5.11,157076,144962.813,1.0
2016-11-23,5.12,5.2,5.09,5.14,258698,240380.204,1.0
2016-11-24,5.17,5.2,5.05,5.07,192147,177776.78,1.0
2016-11-25,5.07,5.08,4.93,5.02,170457,154112.557,1.0
2016-11-28,5.04,5.25,5.02,5.17,313797,291549.392,1.0
2016-11-29,5.14,5.17,5.05,5.06,189002,174189.897,1.0
2016-11-30,5.04,5.1,5.0,5.04,128553,117373.792,1.0
2016-12-01,5.04,5.1,5.0,5.05,114163,104345.269,1.0
2016-12-02,5.06,5.07,4.9,4.91,166443,149928.974,1.0
2016-12-05,4.84,4.95,4.82,4.88,81267,72140.357,1.0
2016-12-06,4.89,4.95,4.88,4.88,64625,57449.879,1.0
2016-12-07,4.88,4.98,4.88,4.95,90695,80829.481,1.0
2016-12-08,4.96,4.96,4.89,4.89,75905,67652.769,1.0
2016-12-09,4.89,4.93,4.88,4.91,65775,58445.469,1.0
2016-12-12,4.89,4.93,4.6,4.64,149878,130251.659,1.0
2016-12-13,4.64,4.66,4.5,4.61,99712,83220.722,1.0
2016-12-14,4.59,4.65,4.54,4.57,95371,79765.383,1.0
2016-12-15,4.55,4.64,4.53,4.57,81885,68385.961,1.0
2016-12-16,4.57,4.65,4.56,4.63,79569,66877.856,1.0
2016-12-19,4.62,4.69,4.62,4.65,68946,58298.665,1.0
2016-12-20,4.64,4.64,4.56,4.63,71405,59754.642,1.0
2016-12-21,4.64,4.67,4.62,4.66,60418,51071.531,1.0
2016-12-22,4.66,4.67,4.62,4.66,53108,44849.917,1.0
2016-12-23,4.64,4.66,4.56,4.57,67683,56701.007,1.0
2016-12-26,4.58,4.69,4.56,4.67,86408,72680.653,1.0
2016-12-27,4.66,4.72,4.65,4.67,64179,54718.148,1.0
2016-12-28,4.67,4.71,4.57,4.6,78991,66738.414,1.0
2016-12-29,4.61,4.71,4.61,4.7,110746,94065.004,1.0
2016-12-30,4.7,4.7,4.63,4.65,52529,44600.118,1.0
2017-01-03,4.63,4.72,4.63,4.69,66254,56464.166,1.0
2017-01-04,4.7,4.76,4.69,4.75,99965,85963.657,1.0
2017-01-05,4.76,4.82,4.74,4.81,118058,102330.521,1.0
2017-01-06,4.78,5.02,4.75,4.85,193242,170901.956,1.0
2017-01-09,4.81,4.88,4.8,4.88,121838,107084.689,1.0
2017-01-10,4.9,5.11,4.86,5.07,380452,345319.648,1.0
2017-01-11,5.0,5.04,4.88,4.88,276312,247607.609,1.0
2017-01-12,4.85,4.91,4.8,4.82,137766,120997.895,1.0
2017-01-13,4.82,4.83,4.69,4.75,109381,94809.924,1.0
2017-01-16,4.75,4.81,4.39,4.58,155616,131162.128,1.0
2017-01-17,4.54,4.65,4.51,4.63,96605,80601.036,1.0
2017-01-18,4.63,4.8,4.61,4.7,96140,82401.055,1.0
2017-01-19,4.64,4.7,4.62,4.64,71865,60773.994,1.0
2017-01-20,4.64,5.14,4.62,5.14,339783,307432.8,1.0
2017-01-23,5.21,5.27,5.06,5.18,709471,663183.632,1.0
2017-01-24,5.15,5.44,5.08,5.24,720989,686361.024,1.0
2017-01-25,5.13,5.19,5.01,5.04,377251,346684.736,1.0
2017-01-26,5.09,5.18,5.07,5.15,242737,224792.874,1.0
2017-02-03,5.15,5.16,5.04,5.08,150984,138893.171,1.0
2017-02-06,5.1,5.23,5.04,5.22,270265,250545.96,1.0
2017-02-07,5.18,5.39,5.15,5.25,423957,403984.896,1.0
2017-02-08,5.22,5.37,5.14,5.34,325357,309510.464,1.0
2017-02-09,5.47,5.91,5.47,5.91,411638,428383.248,1.0
2017-02-10,6.34,6.53,6.15,6.21,1684473,1917666.16,1.0
2017-02-13,6.12,6.42,6.01,6.12,895225,987973.952,1.0
2017-02-14,6.09,6.36,6.09,6.22,902064,1005054.304,1.0
2017-02-15,6.13,6.13,5.86,5.88,695043,742736.544,1.0
2017-02-16,5.83,6.05,5.77,5.92,444468,472654.816,1.0
2017-02-17,5.88,6.54,5.84,6.3,1210456,1379412.496,1.0
2017-02-20,6.15,6.44,6.04,6.37,719280,801539.104,1.0
2017-02-21,6.24,6.31,6.15,6.23,502088,557583.056,1.0
2017-02-22,6.21,6.42,6.14,6.27,703892,789576.24,1.0
2017-02-23,6.24,6.26,5.85,5.96,672000,722631.104,1.0
2017-02-24,5.9,6.04,5.87,5.98,281921,300984.976,1.0
2017-02-27,5.95,5.97,5.82,5.86,248877,262154.418,1.0
2017-02-28,5.89,6.01,5.83,5.96,264041,280576.736,1.0
2017-03-01,5.93,6.17,5.9,6.04,415241,450101.392,1.0
2017-03-02,6.04,6.08,5.76,5.78,424084,446739.536,1.0
2017-03-03,5.79,5.85,5.71,5.81,188244,195530.266,1.0
2017-03-06,5.82,5.83,5.73,5.79,198088,205116.479,1.0
2017-03-07,5.79,5.84,5.69,5.83,233749,241493.209,1.0
2017-03-08,5.81,5.89,5.79,5.83,169791,177574.583,1.0
2017-03-09,5.8,5.81,5.63,5.65,214921,219566.83,1.0
2017-03-10,5.62,5.73,5.62,5.66,148878,151801.871,1.0
2017-03-13,5.63,5.71,5.56,5.69,143351,145253.988,1.0
2017-03-14,5.68,5.77,5.67,5.72,179870,184760.896,1.0
2017-03-15,5.68,5.82,5.63,5.73,222115,228793.063,1.0
2017-03-16,5.79,5.89,5.76,5.84,249932,261435.673,1.0
2017-03-17,5.86,6.15,5.8,5.96,580654,625358.976,1.0
2017-03-20,5.95,6.14,5.89,6.12,471925,509714.592,1.0
2017-03-21,6.11,6.17,5.96,6.02,293908,317242.736,1.0
2017-03-22,5.97,6.21,5.92,6.08,379358,414281.632,1.0
2017-03-23,6.09,6.72,5.99,6.72,1059928,1218799.12,1.0
2017-03-24,6.76,7.4,6.75,7.05,1585821,1991244.32,1.0
2017-03-27,7.04,7.27,6.87,6.99,959274,1200971.056,1.0
2017-03-28,7.07,7.51,6.82,7.15,1189781,1517137.792,1.0
2017-03-29,7.04,7.49,6.99,7.22,1016866,1304147.664,1.0
2017-03-30,7.1,7.63,7.04,7.17,1052313,1360628.928,1.0
2017-03-31,7.04,7.07,6.42,6.42,903076,1066427.168,1.0
2017-04-05,6.51,7.07,6.45,6.89,694002,835381.36,1.0
2017-04-06,6.89,7.5,6.79,7.21,795709,1014510.144,1.0
2017-04-07,7.18,7.49,7.08,7.18,636238,817009.296,1.0
2017-04-10,7.12,7.25,6.88,7.05,585955,730135.648,1.0
2017-04-11,6.98,7.39,6.89,7.3,802124,1022968.096,1.0
2017-04-12,7.2,7.2,6.73,6.85,634921,787270.08,1.0
2017-04-13,6.8,6.98,6.78,6.81,269711,329083.104,1.0
2017-04-14,6.83,6.83,6.48,6.57,331824,391831.68,1.0
2017-04-17,6.51,6.77,6.43,6.61,241746,285439.36,1.0
2017-04-18,6.61,6.91,6.53,6.71,394255,473111.328,1.0
2017-04-19,6.63,6.83,6.59,6.67,357960,427467.136,1.0
2017-04-20,6.57,7.33,6.54,7.26,890626,1110022.24,1.0
2017-04-21,7.17,7.33,7.05,7.21,638467,813942.672,1.0
2017-04-24,7.07,7.13,6.46,6.53,663094,779551.28,1.0
2017-04-25,6.39,6.71,6.33,6.57,342696,401549.36,1.0
2017-04-26,6.62,7.26,6.62,7.26,958402,1214029.712,1.0
2017-04-27,7.24,7.67,7.12,7.51,1234264,1617836.832,1.0
2017-04-28,7.51,7.62,7.28,7.47,638140,838813.84,1.0
2017-05-02,7.51,7.86,7.34,7.85,863794,1159205.568,1.0
2017-05-03,7.83,8.3,7.6,7.66,1076285,1510857.28,1.0
2017-05-04,7.39,7.87,7.3,7.76,746652,1000080.336,1.0
2017-05-05,7.65,7.85,7.22,7.29,518316,689071.68,1.0
2017-05-08,7.22,7.44,6.62,6.8,575447,718285.328,1.0
2017-05-09,6.78,7.02,6.63,7.01,349549,426389.632,1.0
2017-05-10,6.96,7.18,6.71,6.73,393460,485769.568,1.0
2017-05-11,6.65,6.84,6.15,6.67,471109,547282.88,1.0
2017-05-12,6.62,6.79,6.38,6.53,389696,458368.912,1.0
2017-05-15,6.57,6.73,6.27,6.31,395266,456329.616,1.0
2017-05-16,6.31,6.43,5.99,6.39,405804,449516.928,1.0
2017-05-17,6.34,6.8,6.31,6.79,544270,641503.232,1.0
2017-05-18,6.69,6.7,6.48,6.53,346613,407665.088,1.0
2017-05-19,6.53,6.6,6.31,6.46,232774,268209.428,1.0
2017-05-22,6.4,6.54,6.3,6.36,197403,225346.66,1.0
2017-05-23,6.32,6.39,5.71,5.83,349368,378570.576,1.0
2017-05-24,5.79,5.92,5.59,5.88,209770,216987.503,1.0
2017-05-25,5.86,5.92,5.6,5.83,248186,257226.458,1.0
2017-05-26,5.86,6.02,5.8,5.9,233677,247908.993,1.0
2017-05-31,6.01,6.08,5.86,5.87,174681,186840.227,1.0
2017-06-01,5.79,5.89,5.5,5.55,198815,203239.379,1.0
2017-06-02,5.52,5.7,5.39,5.64,193787,193053.716,1.0
2017-06-05,5.62,5.77,5.6,5.72,125102,128048.84,1.0
2017-06-06,5.72,5.75,5.63,5.74,102685,105022.146,1.0
2017-06-07,5.8,6.01,5.78,5.98,234205,248573.979,1.0
2017-06-08,5.97,6.13,5.92,6.02,225020,242491.948,1.0
2017-06-09,5.98,6.01,5.88,5.93,152054,161855.623,1.0
2017-06-12,5.89,5.97,5.83,5.84,112412,118604.184,1.0
2017-06-13,5.86,6.09,5.83,6.05,220090,236827.134,1.0
2017-06-14,6.07,6.19,5.97,6.09,241469,262838.685,1.0
2017-06-15,6.04,6.26,6.01,6.25,309190,340692.288,1.0
2017-06-16,6.21,6.31,6.1,6.18,248681,274917.552,1.0
2017-06-19,6.14,6.26,6.07,6.25,239649,264329.903,1.0
2017-06-20,6.22,6.28,6.12,6.12,225490,249778.009,1.0
2017-06-21,6.12,6.28,6.02,6.25,344583,379727.264,1.0
2017-06-22,6.2,6.22,6.04,6.04,224070,246152.875,1.0
2017-06-23,6.01,6.09,5.82,5.96,168998,180506.369,1.0
2017-06-26,6.13,6.21,6.08,6.09,160992,176342.624,1.0
2017-06-27,6.15,6.31,6.09,6.28,290611,323464.608,1.0
2017-06-28,6.24,6.31,6.16,6.29,247233,276353.824,1.0
2017-06-29,6.23,6.31,6.21,6.24,191951,214506.055,1.0
2017-06-30,6.25,6.28,6.17,6.18,131039,145306.089,1.0
2017-07-03,6.15,6.29,6.15,6.22,179687,152254.529,1.0
2017-07-04,6.19,6.19,5.98,6.01,283473,234781.228,1.0
2017-07-05,5.98,6.06,5.98,6.03,181789,149612.259,1.0
2017-07-06,6.03,6.55,6.02,6.45,523809,447215.36,1.0
2017-07-07,6.45,6.65,6.32,6.53,554494,490222.16,1.0
2017-07-10,6.73,7.03,6.66,6.67,624182,576494.88,1.0
2017-07-11,6.75,7.31,6.73,7.08,962686,917765.2,1.0
2017-07-12,7.23,7.82,7.15,7.82,1645253,1709774.56,1.0
2017-07-13,8.39,8.63,8.39,8.63,497866,575068.976,1.0
2017-07-14,8.92,9.23,8.62,8.99,2525609,3026697.264,1.0
2017-07-17,9.0,9.22,8.38,8.74,1930178,2300027.104,1.0
2017-07-18,8.53,9.46,8.46,8.89,1960090,2358407.952,1.0
2017-07-19,8.78,9.82,8.78,9.82,2106178,2632798.432,1.0
2017-07-20,9.82,9.82,9.35,9.48,1992274,2545324.608,1.0
2017-07-21,9.45,9.52,8.84,9.08,1679521,2061254.464,1.0
2017-07-24,8.96,9.26,8.93,9.13,1156634,1414427.024,1.0
2017-07-25,9.08,9.17,8.56,8.84,1342584,1586979.056,1.0
2017-07-26,8.77,9.2,8.64,9.05,1277658,1541996.8,1.0
2017-07-27,8.92,9.08,8.58,8.65,1009304,1194839.28,1.0
2017-07-28,8.58,9.22,8.55,8.9,1289560,1548355.744,1.0
2017-07-31,8.86,9.27,8.76,9.08,1234108,1504006.784,1.0
2017-08-01,9.04,9.82,8.88,9.48,1671820,2117762.864,1.0
2017-08-02,9.24,9.26,8.82,8.92,1408114,1701506.0,1.0
2017-08-03,8.79,9.05,8.65,8.88,793890,942094.592,1.0
2017-08-04,8.88,9.79,8.88,9.55,2096813,2664300.096,1.0
2017-08-07,9.43,9.53,9.0,9.32,1263201,1562194.848,1.0
2017-08-08,9.31,9.42,8.7,8.73,1329993,1613731.168,1.0
2017-08-09,8.81,8.98,8.66,8.91,748738,887803.616,1.0
2017-08-10,8.77,8.9,8.62,8.77,645539,759284.336,1.0
2017-08-11,8.67,8.98,8.43,8.5,757395,891191.584,1.0
2017-08-14,8.15,8.29,7.96,8.23,752999,824767.232,1.0
2017-08-15,8.23,8.23,8.05,8.18,428098,470918.048,1.0
2017-08-16,8.18,8.33,8.04,8.1,444743,489319.648,1.0
2017-08-17,8.14,8.18,8.03,8.14,327594,358094.832,1.0
2017-08-18,8.06,8.12,7.95,7.96,383192,414053.072,1.0
2017-08-21,8.0,8.2,7.92,8.16,413173,452377.616,1.0
2017-08-22,8.18,8.36,8.12,8.31,500113,558254.256,1.0
2017-08-23,8.32,8.34,8.04,8.05,352002,386007.616,1.0
2017-08-24,8.08,8.46,7.92,8.25,549403,610159.648,1.0
2017-08-25,8.18,8.34,8.16,8.26,322831,359429.824,1.0
2017-08-28,8.32,8.42,8.25,8.32,393957,441702.56,1.0
2017-08-29,8.38,8.89,8.28,8.84,958007,1107287.392,1.0
2017-08-30,8.69,8.9,8.64,8.75,651951,769114.896,1.0
2017-08-31,8.71,9.08,8.71,8.89,699980,838923.232,1.0
2017-09-01,8.85,8.96,8.73,8.87,510938,606339.52,1.0
2017-09-04,8.85,8.86,8.63,8.72,452439,530722.592,1.0
2017-09-05,8.71,8.72,8.45,8.47,452047,519340.576,1.0
2017-09-06,8.44,8.54,8.27,8.45,366432,413944.032,1.0
2017-09-07,8.43,8.56,8.32,8.35,302651,343737.696,1.0
2017-09-08,8.45,8.65,8.39,8.51,472584,544162.256,1.0
2017-09-11,8.41,8.74,8.35,8.69,492622,571427.488,1.0
2017-09-12,8.69,8.74,8.51,8.58,486379,564621.232,1.0
2017-09-13,8.51,8.84,8.5,8.83,542939,636489.728,1.0
2017-09-14,8.85,9.54,8.78,9.16,1311580,1617729.536,1.0
2017-09-15,9.0,9.12,8.65,8.67,771387,918251.936,1.0
2017-09-18,8.55,8.88,8.54,8.82,421389,494570.992,1.0
2017-09-19,8.8,8.97,8.67,8.75,434846,514884.496,1.0
2017-09-20,8.68,8.82,8.62,8.72,327218,383788.912,1.0
2017-09-21,8.65,8.88,8.34,8.35,518550,601419.168,1.0
2017-09-22,8.29,8.29,8.06,8.08,399613,439683.552,1.0
2017-09-25,8.0,8.17,7.86,7.92,232345,251812.769,1.0
2017-09-26,7.92,8.17,7.92,8.08,189626,206294.413,1.0
2017-09-27,8.06,8.12,8.01,8.08,139322,151629.126,1.0
2017-09-28,8.05,8.09,7.93,7.95,170420,184079.959,1.0
2017-09-29,7.97,8.05,7.93,8.01,150222,161927.707,1.0
2017-10-09,8.14,8.25,8.02,8.18,205190,225351.102,1.0
2017-10-10,8.16,8.22,8.08,8.2,159981,175828.293,1.0
2017-10-11,8.15,8.34,8.15,8.27,218918,244003.843,1.0
2017-10-12,8.27,8.27,8.0,8.08,191536,209766.908,1.0
2017-10-13,8.04,8.15,8.0,8.08,136455,148368.993,1.0
2017-10-16,8.08,8.12,7.88,7.9,181241,195405.29,1.0
2017-10-17,7.92,7.99,7.78,7.92,140072,149289.844,1.0
2017-10-18,7.88,7.95,7.61,7.62,175047,184394.129,1.0
2017-10-19,7.62,7.66,7.35,7.38,230607,233161.132,1.0
2017-10-20,7.31,7.57,7.3,7.55,146670,148420.613,1.0
2017-10-23,7.54,7.61,7.48,7.57,109605,111957.53,1.0
2017-10-24,7.58,7.74,7.53,7.63,122347,126373.744,1.0
2017-10-25,7.63,7.67,7.56,7.62,101959,104836.532,1.0
2017-10-26,7.62,7.67,7.58,7.65,109364,112951.067,1.0
2017-10-27,7.66,7.8,7.64,7.68,150889,157111.755,1.0
2017-10-30,7.68,7.68,7.31,7.36,218989,219835.148,1.0
2017-10-31,7.31,7.43,7.31,7.37,105010,104687.162,1.0
2017-11-01,7.37,7.43,7.35,7.36,98651,98651.779,1.0
2017-11-02,7.35,7.36,7.08,7.08,201218,195462.189,1.0
2017-11-03,7.08,7.15,6.83,6.91,165567,156761.883,1.0
2017-11-06,6.89,7.02,6.79,7.0,127051,119163.087,1.0
2017-11-07,6.97,7.04,6.95,7.02,102756,97615.789,1.0
2017-11-08,7.02,7.11,7.01,7.05,112243,107485.479,1.0
2017-11-09,7.05,7.08,6.98,7.05,87996,83923.544,1.0
2017-11-10,7.01,7.04,6.88,6.92,119372,112289.964,1.0
2017-11-13,6.92,6.97,6.82,6.93,144849,135459.374,1.0
2017-11-14,6.93,7.61,6.88,7.51,507333,503644.368,1.0
2017-11-15,7.48,7.65,7.28,7.35,306761,308925.28,1.0
2017-11-16,7.34,7.58,7.15,7.42,301493,301443.888,1.0
2017-11-17,7.33,7.55,7.22,7.31,286523,286999.984,1.0
2017-11-20,7.27,7.27,6.55,7.05,210615,198872.908,1.0
2017-11-21,7.0,7.15,6.81,7.04,205435,194417.96,1.0
2017-11-22,7.01,7.11,6.85,6.9,159622,150056.807,1.0
2017-11-23,6.85,6.99,6.68,6.7,188216,175403.956,1.0
2017-11-24,6.55,6.84,6.55,6.78,156240,142215.577,1.0
2017-11-27,6.77,7.05,6.69,6.78,176129,164723.698,1.0
2017-11-28,6.82,7.1,6.71,7.03,289416,274163.104,1.0
2017-11-29,7.0,7.52,7.0,7.45,604206,601008.72,1.0
2017-11-30,7.37,7.37,7.12,7.18,392861,384808.64,1.0
2017-12-01,7.18,7.32,7.13,7.22,214428,210218.441,1.0
2017-12-04,7.18,7.35,7.02,7.02,224161,218471.679,1.0
2017-12-05,7.0,7.08,6.79,6.84,240664,225597.629,1.0
2017-12-06,6.79,7.0,6.75,6.99,166873,156164.057,1.0
2017-12-07,6.95,7.02,6.85,6.85,134790,126743.461,1.0
2017-12-08,6.85,6.99,6.83,6.92,123195,115797.68,1.0
2017-12-11,6.93,7.05,6.9,7.05,156286,148221.562,1.0
2017-12-12,7.05,7.18,6.96,6.98,190181,182843.33,1.0
2017-12-13,6.93,6.97,6.82,6.95,133120,124674.384,1.0
2017-12-14,6.89,7.22,6.86,7.18,263961,252862.206,1.0
2017-12-15,7.13,7.14,7.0,7.08,176023,168633.857,1.0
2017-12-18,7.04,7.18,7.02,7.15,150715,145322.89,1.0
2017-12-19,7.15,7.24,7.11,7.19,176851,172221.458,1.0
2017-12-20,7.18,7.18,6.97,6.98,148319,141760.706,1.0
2017-12-21,6.95,7.05,6.9,7.0,106006,100586.585,1.0
2017-12-22,6.99,7.11,6.95,7.05,118435,113297.518,1.0
2017-12-25,7.01,7.17,7.01,7.12,170808,164400.978,1.0
2017-12-26,7.12,7.2,7.05,7.16,161612,156390.699,1.0
2017-12-27,7.15,7.46,7.13,7.26,392698,389562.016,1.0
2017-12-28,7.25,7.45,7.16,7.39,303217,301023.04,1.0
2017-12-29,7.38,7.68,7.35,7.58,464385,475462.912,1.0
2018-01-02,7.61,7.73,7.49,7.69,455396,470673.648,1.0
2018-01-03,7.69,7.74,7.55,7.58,369587,380942.112,1.0
2018-01-04,7.55,7.68,7.49,7.57,386155,396377.84,1.0
2018-01-05,7.56,7.85,7.54,7.58,508195,529768.592,1.0
2018-01-08,7.55,7.74,7.5,7.61,375494,387510.608,1.0
2018-01-09,7.72,7.89,7.6,7.67,377633,394803.792,1.0
2018-01-10,7.65,7.92,7.55,7.85,562216,589695.008,1.0
2018-01-11,7.75,7.76,7.52,7.57,400320,412767.76,1.0
2018-01-12,7.52,7.63,7.38,7.39,282654,285665.696,1.0
2018-01-15,7.38,7.42,7.06,7.13,251389,247013.219,1.0
2018-01-16,7.16,7.32,7.14,7.32,173830,170396.209,1.0
2018-01-17,7.28,7.34,7.12,7.28,164523,161068.257,1.0
2018-01-18,7.22,7.49,7.2,7.46,233951,234504.503,1.0
2018-01-19,7.42,7.48,7.35,7.38,186479,186940.223,1.0
2018-01-22,7.39,7.62,7.37,7.51,216323,220062.223,1.0
2018-01-23,7.47,7.54,7.43,7.51,137382,138954.725,1.0
2018-01-24,7.55,7.55,7.35,7.39,195441,196282.903,1.0
2018-01-25,7.38,7.51,7.37,7.39,171734,172910.638,1.0
2018-01-26,7.38,7.47,7.28,7.35,181490,181033.509,1.0
2018-01-29,7.35,7.43,7.24,7.25,155487,154265.655,1.0
2018-01-30,7.26,7.29,7.18,7.25,117134,114868.162,1.0
2018-01-31,7.22,7.22,6.93,6.96,199118,189669.751,1.0
2018-02-01,6.99,7.04,6.58,6.62,221110,202848.484,1.0
2018-02-02,6.61,6.72,6.42,6.67,148217,132486.389,1.0
2018-02-05,6.55,6.76,6.51,6.71,126949,115567.055,1.0
2018-02-06,6.55,6.68,6.18,6.2,215387,188349.526,1.0
2018-02-07,6.32,6.45,6.14,6.28,131695,113349.267,1.0
2018-02-08,6.27,6.4,6.2,6.35,94817,81917.982,1.0
2018-02-09,6.15,6.21,5.87,5.99,156565,129202.886,1.0
2018-02-12,6.08,6.15,6.04,6.12,83898,69950.806,1.0
2018-02-13,6.16,6.35,6.15,6.21,93390,79629.514,1.0
2018-02-14,6.22,6.31,6.17,6.28,66027,56294.116,1.0
2018-02-22,6.35,6.56,6.32,6.53,146393,129351.425,1.0
2018-02-23,6.54,6.64,6.48,6.58,109124,97429.806,1.0
2018-02-26,6.59,6.66,6.51,6.64,115429,103630.504,1.0
2018-02-27,6.66,6.66,6.53,6.55,96195,86082.329,1.0
2018-02-28,6.53,6.72,6.45,6.68,141388,126876.283,1.0
2018-03-01,6.62,6.73,6.55,6.68,109154,99037.202,1.0
2018-03-02,6.62,6.82,6.57,6.78,191897,175324.203,1.0
2018-03-05,6.78,6.81,6.65,6.72,107095,97722.157,1.0
2018-03-06,6.75,6.76,6.64,6.75,123443,112618.124,1.0
2018-03-07,6.7,6.85,6.65,6.67,144975,132769.412,1.0
2018-03-08,6.66,6.7,6.62,6.68,92343,83636.051,1.0
2018-03-09,6.65,6.7,6.65,6.68,105619,95879.177,1.0
2018-03-12,6.72,6.88,6.69,6.84,211884,196053.649,1.0
2018-03-13,6.86,7.0,6.83,6.89,247703,232818.5,1.0
2018-03-14,6.85,7.04,6.75,6.95,251509,235621.439,1.0
2018-03-15,6.85,6.91,6.72,6.75,142481,131718.122,1.0
2018-03-16,6.75,6.85,6.69,6.71,93176,85932.366,1.0
2018-03-19,6.7,6.75,6.62,6.7,79317,72181.533,1.0
2018-03-20,6.73,6.81,6.68,6.75,92349,84653.108,1.0
2018-03-21,6.72,6.92,6.7,6.73,164955,152127.112,1.0
2018-03-22,6.77,6.85,6.72,6.79,120588,111100.806,1.0
2018-03-23,6.18,6.62,6.09,6.19,233608,201613.759,1.0
2018-03-26,6.14,6.38,5.95,6.37,133311,112453.399,1.0
2018-03-27,6.32,6.52,6.31,6.51,177205,155173.394,1.0
2018-03-28,6.38,6.53,6.33,6.35,113071,98551.578,1.0
2018-03-29,6.37,6.5,6.35,6.46,127341,111608.727,1.0
2018-03-30,6.5,6.65,6.41,6.52,150901,134183.714,1.0
2018-04-02,6.44,6.54,6.37,6.39,164878,144491.613,1.0
2018-04-03,6.3,6.34,6.18,6.27,94503,80860.066,1.0
2018-04-04,6.27,6.34,6.22,6.23,85463,73252.082,1.0
2018-04-09,6.22,6.25,6.09,6.19,84221,70885.939,1.0
2018-04-10,6.25,6.35,6.22,6.33,114655,98476.839,1.0
2018-04-11,6.35,6.38,6.3,6.32,88694,76488.539,1.0
2018-04-12,6.28,6.28,6.16,6.19,119140,100801.728,1.0
2018-04-13,6.22,6.47,6.19,6.32,183155,158603.31,1.0
2018-04-16,6.23,6.35,6.12,6.18,122179,103434.764,1.0
2018-04-17,6.17,6.23,5.99,6.02,110519,91889.148,1.0
2018-04-18,6.05,6.14,5.92,6.05,83949,68884.701,1.0
2018-04-19,6.07,6.09,6.03,6.06,72669,60206.467,1.0
2018-04-20,6.03,6.05,5.85,5.86,98751,80070.445,1.0
2018-04-23,5.82,5.98,5.8,5.92,81480,65659.849,1.0
2018-04-24,5.98,6.29,5.98,6.23,209432,175704.419,1.0
2018-04-25,6.15,6.26,6.12,6.25,112748,95506.285,1.0
2018-04-26,6.22,6.34,6.18,6.21,140825,120277.363,1.0
2018-04-27,6.12,6.13,5.61,5.87,267280,214783.271,1.0
2018-05-02,5.78,5.8,5.53,5.58,203450,156694.102,1.0
2018-05-03,5.57,5.65,5.55,5.63,80893,62073.708,1.0
2018-05-04,5.63,5.75,5.59,5.67,82548,64296.786,1.0
2018-05-07,5.68,5.7,5.61,5.68,90185,70004.426,1.0
2018-05-08,5.68,5.7,5.65,5.68,75525,58691.598,1.0
2018-05-09,5.68,5.75,5.65,5.72,89303,69663.143,1.0
2018-05-10,5.75,5.76,5.65,5.68,66308,51741.188,1.0
2018-05-11,5.68,5.69,5.59,5.62,83878,64690.141,1.0
2018-05-14,5.58,5.65,5.55,5.58,53087,40764.265,1.0
2018-05-15,5.6,5.62,5.54,5.62,62548,47794.761,1.0
2018-05-16,5.59,5.6,5.55,5.55,55775,42596.57,1.0
2018-05-17,5.56,5.6,5.55,5.57,42959,32814.119,1.0
2018-05-18,5.55,5.59,5.52,5.58,60525,46127.059,1.0
2018-05-21,5.61,5.71,5.61,5.69,86751,67338.538,1.0
2018-05-22,5.71,5.71,5.62,5.67,60829,47157.469,1.0
2018-05-23,5.67,5.68,5.58,5.59,58108,44791.009,1.0
2018-05-24,5.59,5.7,5.58,5.65,85308,65994.009,1.0
2018-05-25,5.65,5.65,5.53,5.55,54452,41330.987,1.0
2018-05-28,5.53,5.56,5.42,5.45,61891,46046.835,1.0
2018-05-29,5.42,5.48,5.38,5.39,59923,44129.113,1.0
2018-05-30,5.33,5.33,5.07,5.1,105626,74548.33,1.0
2018-05-31,5.1,5.21,5.1,5.15,56054,39444.207,1.0
2018-06-01,5.13,5.22,5.05,5.08,72471,50617.231,1.0
2018-06-04,5.11,5.15,5.0,5.02,67475,46551.18,1.0
2018-06-05,5.0,5.08,5.0,5.07,53856,37032.152,1.0
2018-06-06,5.06,5.26,5.05,5.21,100324,70710.811,1.0
2018-06-07,5.23,5.24,5.12,5.15,58870,41500.653,1.0
2018-06-08,5.15,5.18,5.03,5.1,60566,41896.347,1.0
2018-06-11,5.0,5.06,4.96,5.01,43680,29843.194,1.0
2018-06-12,4.99,5.04,4.92,5.02,49875,34029.507,1.0
2018-06-13,4.99,5.01,4.85,4.88,63643,42692.836,1.0
2018-06-14,4.87,4.92,4.76,4.8,71518,47354.287,1.0
2018-06-15,4.76,4.82,4.6,4.63,96117,61656.488,1.0
2018-06-19,4.45,4.48,4.15,4.15,154536,90857.589,1.0
2018-06-20,4.08,4.19,3.99,4.1,98830,55683.669,1.0
2018-06-21,4.14,4.35,4.07,4.08,145910,84967.433,1.0
2018-06-22,4.06,4.21,4.02,4.18,82114,46971.743,1.0
2018-06-25,4.21,4.28,4.17,4.19,69810,40592.778,1.0
2018-06-26,4.06,4.23,4.03,4.22,54719,31432.648,1.0
2018-06-27,4.23,4.28,4.18,4.22,57091,33220.943,1.0
2018-06-28,4.25,4.27,4.15,4.17,52084,30269.824,1.0
2018-06-29,4.16,4.32,4.14,4.3,83415,48712.466,1.0
2018-07-02,4.29,4.29,4.12,4.19,68421,39749.511,1.0
2018-07-03,4.18,4.22,4.09,4.21,64771,37172.001,1.0
2018-07-04,4.19,4.23,4.12,4.15,57632,33064.958,1.0
2018-07-05,4.12,4.18,3.91,3.92,83322,46446.037,1.0
2018-07-06,3.91,4.07,3.87,4.02,87661,48157.606,1.0
2018-07-09,4.04,4.16,4.04,4.15,80603,45613.217,1.0
2018-07-10,4.18,4.45,4.13,4.32,140035,82940.112,1.0
2018-07-11,4.22,4.25,4.09,4.19,96001,55235.224,1.0
2018-07-12,4.21,4.3,4.19,4.28,84785,49704.889,1.0
2018-07-13,4.28,4.33,4.22,4.26,57694,33801.249,1.0
2018-07-16,4.26,4.28,4.2,4.25,36548,21286.818,1.0
2018-07-17,4.25,4.35,4.19,4.29,77085,45331.569,1.0
2018-07-18,4.24,4.32,4.24,4.25,62022,36435.993,1.0
2018-07-19,4.25,4.3,4.2,4.21,60610,35390.858,1.0
2018-07-20,4.25,4.27,4.08,4.24,74018,42643.498,1.0
2018-07-23,4.24,4.45,4.18,4.39,165892,99109.355,1.0
2018-07-24,4.42,4.85,4.42,4.85,330156,212649.156,1.0
2018-07-25,5.1,5.36,4.84,5.12,708963,494458.512,1.0
2018-07-26,5.07,5.6,5.03,5.49,764965,555967.024,1.0
2018-07-27,5.88,6.07,5.51,6.07,1286375,1037797.328,1.0
2018-07-30,5.85,5.94,5.44,5.53,1023712,786144.32,1.0
2018-07-31,5.44,5.5,5.15,5.28,678048,487682.048,1.0
2018-08-01,5.48,5.67,5.35,5.41,842850,632159.12,1.0
2018-08-02,5.36,5.98,5.27,5.98,1036461,790092.16,1.0
2018-08-03,5.91,5.92,5.35,5.46,900854,691548.56,1.0
2018-08-06,5.32,5.72,5.19,5.47,626824,465073.264,1.0
2018-08-07,5.41,5.72,5.24,5.66,676341,507607.104,1.0
2018-08-08,5.57,5.98,5.53,5.67,804875,629485.568,1.0
2018-08-09,5.52,5.75,5.35,5.7,578218,436215.728,1.0
2018-08-10,5.65,5.95,5.55,5.72,606727,471847.904,1.0
2018-08-13,5.62,6.16,5.57,6.05,963169,776973.76,1.0
2018-08-14,5.88,6.05,5.85,6.0,679359,548035.36,1.0
2018-08-15,5.95,6.1,5.73,5.74,555201,444947.872,1.0
2018-08-16,5.53,5.7,5.48,5.52,434554,328657.808,1.0
2018-08-17,5.58,5.68,5.21,5.28,449969,331738.448,1.0
2018-08-20,5.25,5.31,4.95,5.23,362974,254616.15,1.0
2018-08-21,5.18,5.49,5.15,5.42,411723,298967.024,1.0
2018-08-22,5.37,5.38,5.22,5.24,276934,199908.155,1.0
2018-08-23,5.25,5.32,5.14,5.32,253500,181046.278,1.0
2018-08-24,5.52,5.63,5.35,5.35,477232,356188.24,1.0
2018-08-27,5.37,5.53,5.36,5.5,343855,255237.759,1.0
2018-08-28,5.51,5.52,5.38,5.45,240425,177547.124,1.0
2018-08-29,5.44,5.59,5.42,5.48,276955,207009.86,1.0
2018-08-30,5.42,5.44,5.22,5.24,322359,232118.334,1.0
2018-08-31,5.26,5.32,5.11,5.13,231718,164189.654,1.0
2018-09-03,5.06,5.21,4.98,5.18,182228,126432.535,1.0
2018-09-04,5.14,5.23,5.09,5.21,168766,118805.37,1.0
2018-09-05,5.18,5.22,5.03,5.04,162815,113666.275,1.0
2018-09-06,4.98,5.1,4.97,4.98,133681,91636.213,1.0
2018-09-07,4.96,5.25,4.9,5.18,312454,218008.88,1.0
2018-09-10,5.15,5.35,5.08,5.15,314555,224152.069,1.0
2018-09-11,5.14,5.22,4.97,5.13,215091,149208.636,1.0
2018-09-12,5.08,5.23,5.03,5.13,184711,129567.214,1.0
2018-09-13,5.21,5.28,5.07,5.24,210698,148439.161,1.0
2018-09-14,5.23,5.28,5.16,5.16,209272,148755.258,1.0
2018-09-17,5.08,5.08,4.76,4.76,236132,159544.233,1.0
2018-09-18,4.75,5.26,4.72,5.26,436575,301681.328,1.0
2018-09-19,5.37,5.65,5.29,5.49,796662,588563.952,1.0
2018-09-20,5.48,5.62,5.4,5.5,539199,401694.16,1.0
2018-09-21,5.48,5.52,5.4,5.46,370875,274978.128,1.0
2018-09-25,5.43,5.53,5.39,5.44,283711,210464.305,1.0
2018-09-26,5.46,5.75,5.42,5.47,540288,409560.592,1.0
2018-09-27,5.47,5.55,5.37,5.45,349750,259893.294,1.0
2018-09-28,5.47,5.59,5.31,5.51,383038,283809.76,1.0
2018-10-08,5.36,5.59,5.3,5.45,374463,278676.032,1.0
2018-10-09,5.48,5.64,5.42,5.57,349793,262554.325,1.0
2018-10-10,5.55,5.72,5.51,5.7,474392,362931.968,1.0
2018-10-11,5.99,6.29,5.95,6.1,1478756,1231183.584,1.0
2018-10-12,5.81,6.15,5.75,6.02,869976,701850.576,1.0
2018-10-15,5.91,6.05,5.52,5.58,699997,550873.12,1.0
2018-10-16,5.57,5.57,5.0,5.12,673334,482507.696,1.0
2018-10-17,5.18,5.26,5.05,5.22,417290,293909.568,1.0
2018-10-18,5.12,5.12,4.72,4.78,393896,263568.296,1.0
2018-10-19,4.57,4.91,4.5,4.82,334412,216537.411,1.0
2018-10-22,4.89,5.12,4.85,5.12,397606,272288.72,1.0
2018-10-23,5.07,5.22,4.99,5.01,354665,246439.007,1.0
2018-10-24,4.98,5.28,4.79,5.16,437202,300657.68,1.0
2018-10-25,4.91,5.09,4.86,5.05,278670,189600.829,1.0
2018-10-26,5.07,5.19,4.98,5.03,229189,158887.865,1.0
2018-10-29,5.03,5.08,4.91,4.95,165876,112529.5,1.0
2018-10-30,4.95,5.04,4.79,4.98,239497,161277.457,1.0
2018-10-31,4.98,5.24,4.95,5.1,381263,267320.7,1.0
2018-11-01,5.33,5.39,5.12,5.14,428832,304837.936,1.0
2018-11-02,5.19,5.27,5.14,5.24,378456,268662.832,1.0
2018-11-05,5.19,5.25,5.14,5.22,267400,189362.802,1.0
2018-11-06,5.2,5.59,5.16,5.54,670984,491794.048,1.0
2018-11-07,5.45,5.48,5.37,5.39,403284,296590.96,1.0
2018-11-08,5.41,5.49,5.28,5.29,288750,211644.678,1.0
2018-11-09,5.28,5.38,5.25,5.27,213364,154015.934,1.0
2018-11-12,5.23,5.38,5.22,5.37,221879,160139.638,1.0
2018-11-13,5.29,5.52,5.25,5.45,373218,272575.872,1.0
2018-11-14,5.39,5.56,5.34,5.37,366722,271579.824,1.0
2018-11-15,5.3,5.45,5.3,5.43,248068,181809.068,1.0
2018-11-16,5.42,5.59,5.34,5.48,444833,331833.824,1.0
2018-11-19,5.48,5.62,5.44,5.62,443682,333480.464,1.0
2018-11-20,5.52,5.59,5.35,5.37,352676,262256.172,1.0
2018-11-21,5.28,5.42,5.26,5.41,192389,140153.428,1.0
2018-11-22,5.41,5.46,5.31,5.38,170076,124546.295,1.0
2018-11-23,5.39,5.42,5.07,5.07,269761,192110.673,1.0
2018-11-26,5.06,5.2,5.02,5.05,146241,101511.768,1.0
2018-11-27,5.08,5.13,4.98,5.05,125637,86688.275,1.0
2018-11-28,5.06,5.16,4.95,5.15,165795,114741.904,1.0
2018-11-29,5.17,5.2,4.97,4.98,163193,113272.936,1.0
2018-11-30,4.96,5.05,4.94,5.05,98274,67084.004,1.0
2018-12-03,5.17,5.19,5.09,5.17,186666,131194.016,1.0
2018-12-04,5.18,5.24,5.15,5.23,158690,112285.222,1.0
2018-12-05,5.14,5.18,5.09,5.14,140747,98390.272,1.0
2018-12-06,5.16,5.22,5.11,5.14,140610,98872.602,1.0
2018-12-07,5.14,5.2,5.11,5.17,111540,78238.257,1.0
2018-12-10,5.13,5.15,4.99,5.04,120609,83277.184,1.0
2018-12-11,5.03,5.08,5.02,5.05,73713,50746.492,1.0
2018-12-12,5.07,5.15,5.06,5.12,113907,79277.04,1.0
2018-12-13,5.13,5.43,5.03,5.37,528064,381771.36,1.0
2018-12-14,5.32,5.38,5.19,5.22,331254,238577.421,1.0
2018-12-17,5.23,5.37,5.22,5.32,274166,197869.979,1.0
2018-12-18,5.26,5.31,5.15,5.2,186101,132381.74,1.0
2018-12-19,5.19,5.22,5.07,5.09,148787,103810.466,1.0
2018-12-20,5.09,5.11,4.97,5.05,130549,89654.141,1.0
2018-12-21,5.01,5.04,4.92,4.98,121221,82216.27,1.0
2018-12-24,4.98,5.02,4.95,5.0,66883,45578.25,1.0
2018-12-25,4.95,4.95,4.77,4.88,141347,93514.425,1.0
2018-12-26,4.89,4.91,4.8,4.83,80739,53482.354,1.0
2018-12-27,4.91,4.95,4.69,4.69,107079,70611.145,1.0
2018-12-28,4.74,4.78,4.68,4.74,64139,41537.188,1.0
2019-01-02,4.75,4.91,4.74,4.85,124291,82021.826,1.0
2019-01-03,4.88,4.89,4.81,4.83,97593,64645.294,1.0
2019-01-04,4.74,4.96,4.72,4.94,191197,127392.939,1.0
2019-01-07,4.98,5.12,4.93,5.09,237811,163320.186,1.0
2019-01-08,5.05,5.33,4.99,5.15,288440,202599.566,1.0
2019-01-09,5.09,5.3,5.09,5.18,341797,241541.825,1.0
2019-01-10,5.15,5.21,5.03,5.04,218226,151455.528,1.0
2019-01-11,5.02,5.18,5.02,5.12,173802,120526.316,1.0
2019-01-14,5.14,5.17,5.06,5.08,115849,80723.535,1.0
2019-01-15,5.08,5.17,5.05,5.14,152721,106403.572,1.0
2019-01-16,5.11,5.13,5.02,5.05,137386,95000.917,1.0
2019-01-17,5.05,5.08,4.95,4.95,130011,88551.627,1.0
2019-01-18,4.98,5.09,4.95,5.04,137526,94281.432,1.0
2019-01-21,5.12,5.13,5.07,5.08,129860,90241.213,1.0
2019-01-22,5.09,5.15,5.02,5.04,133899,92799.504,1.0
2019-01-23,4.99,5.05,4.98,5.03,84483,57823.784,1.0
2019-01-24,5.03,5.05,4.95,5.01,103152,70370.653,1.0
2019-01-25,5.02,5.04,4.98,5.0,85271,58177.873,1.0
2019-01-28,5.01,5.04,4.9,4.92,104904,71291.975,1.0
2019-01-29,4.92,4.92,4.76,4.84,97629,64514.65,1.0
2019-01-30,4.82,4.88,4.78,4.79,63696,42093.912,1.0
2019-01-31,4.8,4.85,4.72,4.73,89839,58641.128,1.0
2019-02-01,4.78,4.87,4.75,4.86,79649,52525.82,1.0
2019-02-11,4.9,4.98,4.88,4.98,95253,64262.025,1.0
2019-02-12,4.98,5.06,4.95,5.02,140888,96341.773,1.0
2019-02-13,5.02,5.09,4.99,5.08,191936,132347.503,1.0
2019-02-14,5.05,5.13,5.05,5.08,157671,109436.271,1.0
2019-02-15,5.1,5.15,5.06,5.08,143974,100014.389,1.0
2019-02-18,5.09,5.2,5.09,5.2,228443,160512.243,1.0
2019-02-19,5.16,5.24,5.08,5.18,245756,172969.467,1.0
2019-02-20,5.15,5.26,5.14,5.22,226226,160345.503,1.0
2019-02-21,5.18,5.45,5.15,5.25,406816,292352.288,1.0
2019-02-22,5.21,5.26,5.15,5.25,313026,221600.227,1.0
2019-02-25,5.31,5.55,5.25,5.48,575489,423671.984,1.0
2019-02-26,5.48,5.81,5.41,5.58,685315,524702.608,1.0
2019-02-27,5.57,5.64,5.44,5.5,420494,316067.456,1.0
2019-02-28,5.52,5.89,5.48,5.75,574768,443870.528,1.0
2019-03-01,5.74,6.12,5.68,5.91,732618,586892.608,1.0
2019-03-04,5.95,6.18,5.8,6.04,769426,621671.408,1.0
2019-03-05,5.97,6.18,5.92,6.1,724873,595006.608,1.0
2019-03-06,6.05,6.1,5.96,6.08,577625,471755.168,1.0
2019-03-07,6.05,6.06,5.94,5.99,572935,464450.48,1.0
2019-03-08,5.88,5.9,5.54,5.57,563827,440800.304,1.0
2019-03-11,5.6,5.79,5.6,5.78,310621,241181.632,1.0
2019-03-12,5.82,6.02,5.81,5.93,474277,380081.184,1.0
2019-03-13,5.92,6.05,5.87,5.91,411813,332050.48,1.0
2019-03-14,5.84,6.16,5.84,5.98,615558,502301.968,1.0
2019-03-15,5.96,6.09,5.86,6.06,538402,436529.648,1.0
2019-03-18,6.09,6.66,6.03,6.51,914306,783535.04,1.0
2019-03-19,6.45,6.63,6.3,6.59,697046,606601.648,1.0
2019-03-20,6.67,7.13,6.55,6.75,1182650,1086202.496,1.0
2019-03-21,6.69,6.94,6.6,6.64,883701,801608.128,1.0
2019-03-22,6.55,6.61,6.37,6.52,532138,464434.624,1.0
2019-03-25,6.52,6.72,6.48,6.57,531213,475388.576,1.0
2019-03-26,6.54,6.87,6.37,6.78,768373,689072.096,1.0
2019-03-27,6.85,6.85,6.52,6.72,534733,482121.328,1.0
2019-03-28,6.65,6.65,6.33,6.35,512565,447824.304,1.0
2019-03-29,6.41,6.51,6.25,6.47,376071,325532.448,1.0
2019-04-01,6.46,6.8,6.45,6.75,584474,525289.92,1.0
2019-04-02,6.75,7.02,6.66,6.93,796184,730294.24,1.0
2019-04-03,6.85,6.98,6.78,6.88,508879,470404.64,1.0
2019-04-04,6.9,7.05,6.82,6.82,526459,489552.656,1.0
2019-04-08,6.84,6.98,6.7,6.97,568896,524321.488,1.0
2019-04-09,6.91,6.93,6.72,6.82,374698,344211.632,1.0
2019-04-10,6.75,6.84,6.7,6.72,316386,288341.872,1.0
2019-04-11,6.7,6.79,6.55,6.55,329268,295743.568,1.0
2019-04-12,6.55,6.58,6.42,6.52,238804,209064.414,1.0
2019-04-15,6.61,6.64,6.4,6.42,234291,207069.017,1.0
2019-04-16,6.42,6.68,6.37,6.67,242586,213537.832,1.0
2019-04-17,6.66,6.79,6.62,6.68,263442,238499.276,1.0
2019-04-18,6.64,6.82,6.61,6.78,364562,331373.104,1.0
2019-04-19,6.8,6.95,6.72,6.84,518839,478441.936,1.0
2019-04-22,6.85,6.9,6.56,6.6,362664,328539.248,1.0
2019-04-23,6.58,6.59,6.36,6.4,254173,221256.577,1.0
2019-04-24,6.42,6.46,6.29,6.43,173029,148991.222,1.0
2019-04-25,6.44,6.44,6.03,6.03,276865,232445.87,1.0
2019-04-26,6.01,6.12,5.98,6.05,175807,143854.954,1.0
2019-04-29,5.87,5.87,5.42,5.43,408285,308275.648,1.0
2019-04-30,5.44,5.55,5.38,5.45,150497,111941.562,1.0
2019-05-06,5.33,5.33,4.96,5.05,234063,163785.753,1.0
2019-05-07,5.08,5.16,4.99,5.11,123755,85986.641,1.0
2019-05-08,4.92,5.16,4.92,5.06,121019,83779.694,1.0
2019-05-09,5.0,5.29,5.0,5.19,199814,140771.442,1.0
2019-05-10,5.25,5.35,5.1,5.35,234914,168036.542,1.0
2019-05-13,5.24,5.35,5.24,5.26,129196,93016.713,1.0
2019-05-14,5.22,5.41,5.18,5.31,127806,91969.45,1.0
2019-05-15,5.32,5.38,5.28,5.37,169735,123411.307,1.0
2019-05-16,5.35,5.59,5.32,5.44,259686,193247.743,1.0
2019-05-17,5.45,5.47,5.18,5.22,182905,132321.947,1.0
2019-05-20,5.22,5.26,5.09,5.23,108539,76751.796,1.0
2019-05-21,5.23,5.43,5.16,5.38,152697,111181.612,1.0
2019-05-22,5.35,5.37,5.22,5.28,133698,96196.303,1.0
2019-05-23,5.22,5.35,5.18,5.2,111067,79365.111,1.0
2019-05-24,5.18,5.25,5.15,5.18,64229,45429.396,1.0
2019-05-27,5.19,5.28,5.17,5.28,103747,73932.867,1.0
2019-05-28,5.28,5.33,5.22,5.24,119291,85786.449,1.0
2019-05-29,5.22,5.31,5.21,5.25,81355,58334.765,1.0
2019-05-30,5.25,5.28,5.15,5.19,76710,54299.031,1.0
2019-05-31,4.95,5.02,4.68,4.98,279927,187654.782,1.0
2019-06-03,4.96,5.01,4.88,4.93,109970,74188.361,1.0
2019-06-04,4.92,4.94,4.83,4.84,79051,52495.635,1.0
2019-06-05,4.89,4.91,4.84,4.85,56218,37356.607,1.0
2019-06-06,4.86,4.88,4.64,4.68,101685,65797.882,1.0
2019-06-10,4.68,4.76,4.68,4.75,62037,40137.447,1.0
2019-06-11,4.78,5.02,4.78,5.02,178337,120629.597,1.0
2019-06-12,4.98,5.12,4.97,4.99,131878,90416.486,1.0
2019-06-13,4.98,5.03,4.95,5.02,78484,53452.838,1.0
2019-06-14,5.03,5.54,4.97,5.24,371137,268103.402,1.0
2019-06-17,5.05,5.6,4.76,5.49,371436,268677.632,1.0
2019-06-18,5.52,5.81,5.48,5.51,426626,326630.992,1.0
2019-06-19,5.59,5.97,5.48,5.83,511263,397852.064,1.0
2019-06-20,5.75,5.85,5.65,5.77,360114,277646.784,1.0
2019-06-21,5.76,5.83,5.67,5.71,302877,233522.755,1.0
2019-06-24,5.7,5.72,5.61,5.65,181684,137856.6,1.0
2019-06-25,5.67,5.85,5.61,5.7,295319,227650.82,1.0
2019-06-26,5.62,5.65,5.51,5.58,209617,157310.712,1.0
2019-06-27,5.63,5.7,5.54,5.62,207152,155845.529,1.0
2019-06-28,5.61,5.78,5.55,5.66,208908,159208.023,1.0
2019-07-01,5.71,5.89,5.68,5.78,256567,198752.443,1.0
2019-07-02,5.73,5.85,5.7,5.72,164664,127122.627,1.0
2019-07-03,5.72,5.75,5.52,5.54,181942,136710.296,1.0
2019-07-04,5.57,5.66,5.55,5.56,117848,88509.692,1.0
2019-07-05,5.56,5.58,5.52,5.56,69530,51948.429,1.0
2019-07-08,5.56,5.58,5.25,5.25,166885,119995.508,1.0
2019-07-09,5.25,5.31,5.23,5.28,75923,53827.699,1.0
2019-07-10,5.28,5.32,5.18,5.22,80511,56743.151,1.0
2019-07-11,5.23,5.42,5.21,5.29,139243,99716.483,1.0
2019-07-12,5.28,5.35,5.25,5.31,83250,59409.383,1.0
2019-07-15,5.31,5.36,5.21,5.32,92124,65574.78,1.0
2019-07-16,5.34,5.34,5.28,5.32,55042,39320.633,1.0
2019-07-17,5.29,5.6,5.28,5.55,257520,189017.65,1.0
2019-07-18,5.46,5.64,5.45,5.55,190131,142271.841,1.0
2019-07-19,5.52,5.75,5.52,5.65,181949,138664.782,1.0
2019-07-22,5.72,5.72,5.43,5.47,139714,104288.286,1.0
2019-07-23,5.53,5.53,5.35,5.38,187593,136518.129,1.0
2019-07-24,5.39,5.44,5.33,5.37,127855,92633.062,1.0
2019-07-25,5.36,5.37,5.25,5.28,158816,112812.844,1.0
2019-07-26,5.29,5.52,5.25,5.52,266891,193240.149,1.0
2019-07-29,5.45,5.55,5.39,5.44,160607,117491.274,1.0
2019-07-30,5.44,5.46,5.37,5.38,141690,102992.759,1.0
2019-07-31,5.3,5.32,5.22,5.26,166354,117781.83,1.0
2019-08-01,5.24,5.32,5.22,5.26,85669,60710.673,1.0
2019-08-02,5.16,5.2,5.11,5.16,88516,61424.304,1.0
2019-08-05,5.15,5.19,5.08,5.09,71447,49407.764,1.0
2019-08-06,4.97,5.0,4.79,4.88,150046,98794.817,1.0
2019-08-07,4.92,4.94,4.85,4.88,65883,43528.175,1.0
2019-08-08,4.9,4.95,4.89,4.9,66552,44158.185,1.0
2019-08-09,4.93,4.95,4.8,4.8,61482,40360.66,1.0
2019-08-12,4.82,4.9,4.8,4.9,49097,32122.838,1.0
2019-08-13,4.88,4.88,4.82,4.87,38422,25097.811,1.0
2019-08-14,4.92,4.94,4.86,4.86,50310,33274.377,1.0
2019-08-15,4.74,5.12,4.71,4.95,102872,68350.357,1.0
2019-08-16,4.94,5.01,4.92,4.98,81430,54619.984,1.0
2019-08-19,4.99,5.07,4.95,5.06,112062,75937.586,1.0
2019-08-20,5.06,5.18,5.03,5.12,110070,75631.257,1.0
2019-08-21,5.09,5.15,5.06,5.07,72623,49860.398,1.0
2019-08-22,5.09,5.13,5.05,5.13,72966,50023.996,1.0
2019-08-23,5.1,5.12,5.05,5.05,65634,44804.442,1.0
2019-08-26,4.88,5.0,4.88,4.97,69450,46352.393,1.0
2019-08-27,4.98,5.08,4.98,5.07,78042,53108.645,1.0
2019-08-28,5.07,5.08,5.02,5.03,53855,36621.145,1.0
2019-08-29,5.05,5.05,5.01,5.01,50832,34422.216,1.0
2019-08-30,5.05,5.05,4.91,4.94,73534,49423.42,1.0
2019-09-02,4.95,5.07,4.94,5.06,79916,54164.973,1.0
2019-09-03,5.06,5.18,5.05,5.18,172258,119298.808,1.0
2019-09-04,5.2,5.35,5.16,5.33,286513,203641.833,1.0
2019-09-05,5.32,5.35,5.25,5.29,227393,162416.886,1.0
2019-09-06,5.31,5.37,5.24,5.3,137542,97987.456,1.0
2019-09-09,5.34,5.35,5.28,5.34,131604,94081.507,1.0
2019-09-10,5.34,5.38,5.32,5.35,140161,100839.492,1.0
2019-09-11,5.38,5.52,5.37,5.39,232993,170424.145,1.0
2019-09-12,5.4,5.53,5.36,5.45,208052,152294.024,1.0
2019-09-16,5.42,5.45,5.34,5.35,141181,102239.037,1.0
2019-09-17,5.43,5.45,5.25,5.3,151948,109299.317,1.0
2019-09-18,5.29,5.44,5.24,5.38,152683,109967.724,1.0
2019-09-19,5.41,5.42,5.32,5.38,105577,76152.878,1.0
2019-09-20,5.45,5.51,5.37,5.4,203506,148991.525,1.0
2019-09-23,5.37,5.41,5.29,5.38,135464,97445.923,1.0
2019-09-24,5.41,5.44,5.34,5.39,91622,66256.355,1.0
2019-09-25,5.36,5.36,5.29,5.29,70624,50523.025,1.0
2019-09-26,5.33,5.34,5.15,5.16,93135,65595.146,1.0
2019-09-27,5.2,5.25,5.16,5.2,64073,44923.218,1.0
2019-09-30,5.21,5.22,5.15,5.22,43861,30634.052,1.0
2019-10-08,5.19,5.32,5.1,5.32,114563,80169.051,1.0
2019-10-09,5.25,5.35,5.22,5.34,118894,84783.19,1.0
2019-10-10,5.48,5.58,5.39,5.44,229239,168068.017,1.0
2019-10-11,5.43,5.6,5.42,5.56,351389,260749.224,1.0
2019-10-14,5.49,5.52,5.43,5.51,284100,208796.597,1.0
2019-10-15,5.46,5.53,5.36,5.47,174577,127528.598,1.0
2019-10-16,5.47,5.5,5.39,5.4,105217,76891.709,1.0
2019-10-17,5.38,5.41,5.3,5.32,99481,71474.763,1.0
2019-10-18,5.32,5.34,5.22,5.25,87779,62301.008,1.0
2019-10-21,5.2,5.24,5.17,5.21,61226,42862.205,1.0
2019-10-22,5.25,5.27,5.22,5.25,40548,28623.983,1.0
2019-10-23,5.25,5.27,5.2,5.21,48871,34396.937,1.0
2019-10-24,5.28,5.28,5.21,5.25,58412,41305.016,1.0
2019-10-25,5.24,5.28,5.22,5.28,57940,40970.521,1.0
2019-10-28,5.19,5.23,5.16,5.22,109382,76564.28,1.0
2019-10-29,5.25,5.25,5.15,5.15,80586,56371.414,1.0
2019-10-30,5.15,5.16,5.02,5.04,83098,56817.453,1.0
2019-10-31,4.98,5.06,4.98,5.01,44980,30487.834,1.0
2019-11-01,5.02,5.08,5.0,5.08,40413,27533.24,1.0
2019-11-04,5.1,5.15,5.09,5.12,56743,39146.245,1.0
2019-11-05,5.15,5.2,5.1,5.17,64373,44694.054,1.0
2019-11-06,5.16,5.16,5.11,5.12,49767,34376.07,1.0
2019-11-07,5.15,5.17,5.12,5.14,41528,28779.397,1.0
2019-11-08,5.17,5.22,5.12,5.13,47801,33245.517,1.0
2019-11-11,5.11,5.12,5.01,5.02,52206,35577.977,1.0
2019-11-12,5.02,5.08,4.95,5.07,60193,40667.343,1.0
2019-11-13,5.02,5.05,4.98,5.01,34535,23320.272,1.0
2019-11-14,5.04,5.13,5.02,5.06,52331,35794.755,1.0
2019-11-15,5.05,5.06,4.93,4.94,52711,35427.224,1.0
2019-11-18,4.95,4.98,4.92,4.96,32578,21760.417,1.0
2019-11-19,4.96,5.07,4.96,5.06,64102,43489.022,1.0
2019-11-20,5.05,5.05,4.96,4.99,51386,34662.552,1.0
2019-11-21,5.02,5.02,4.95,4.97,44709,29997.272,1.0
2019-11-22,4.97,5.01,4.88,4.94,62729,41754.197,1.0
2019-11-25,4.95,5.15,4.93,5.12,160920,110031.089,1.0
2019-11-26,5.11,5.11,5.02,5.06,105328,71709.401,1.0
2019-11-27,5.07,5.13,5.04,5.07,77843,53301.431,1.0
2019-11-28,5.08,5.13,5.05,5.08,82177,56410.418,1.0
2019-11-29,5.08,5.08,4.97,5.01,59069,39932.297,1.0
2019-12-02,5.04,5.09,5.02,5.06,57742,39366.63,1.0
2019-12-03,5.07,5.08,4.98,5.07,55867,37928.482,1.0
2019-12-04,5.02,5.06,5.02,5.06,44914,30518.204,1.0
2019-12-05,5.05,5.09,5.04,5.07,60421,41246.734,1.0
2019-12-06,5.07,5.1,5.07,5.1,63561,43508.726,1.0
2019-12-09,5.07,5.16,5.07,5.16,110480,76333.979,1.0
2019-12-10,5.12,5.16,5.12,5.15,72529,50186.755,1.0
2019-12-11,5.13,5.19,5.12,5.13,86688,60097.66,1.0
2019-12-12,5.14,5.24,5.11,5.19,128869,89677.131,1.0
2019-12-13,5.32,5.32,5.2,5.24,161046,113628.714,1.0
2019-12-16,5.25,5.32,5.22,5.31,127998,90928.84,1.0
2019-12-17,5.28,5.35,5.28,5.32,134783,96440.866,1.0
2019-12-18,5.33,5.35,5.28,5.28,103770,74088.063,1.0
2019-12-19,5.28,5.34,5.28,5.32,94797,67657.345,1.0
2019-12-20,5.33,5.35,5.22,5.22,90417,64217.8,1.0
2019-12-23,5.24,5.29,5.18,5.18,90665,63980.249,1.0
2019-12-24,5.18,5.35,5.18,5.35,182118,129768.531,1.0
2019-12-25,5.32,5.33,5.25,5.3,132357,94133.38,1.0
2019-12-26,5.29,5.33,5.28,5.32,112551,80369.325,1.0
2019-12-27,5.32,5.35,5.28,5.31,121817,87206.137,1.0
2019-12-30,5.31,5.4,5.28,5.38,194421,140241.474,1.0
2019-12-31,5.38,5.52,5.36,5.45,248051,181318.078,1.0
2020-01-02,5.47,5.58,5.46,5.5,224032,166097.963,1.0
2020-01-03,5.52,5.53,5.46,5.49,153591,113428.629,1.0
2020-01-06,5.45,5.5,5.43,5.46,171275,125813.326,1.0
2020-01-07,5.49,5.55,5.46,5.5,131309,96978.242,1.0
2020-01-08,5.46,5.6,5.43,5.54,256098,190127.076,1.0
2020-01-09,5.55,5.62,5.52,5.55,192833,143927.469,1.0
2020-01-10,5.57,5.58,5.47,5.52,154909,114761.151,1.0
2020-01-13,5.5,5.5,5.45,5.5,111547,82060.612,1.0
2020-01-14,5.5,5.52,5.48,5.49,104345,77110.987,1.0
2020-01-15,5.49,5.5,5.4,5.42,107374,78363.254,1.0
2020-01-16,5.45,5.46,5.38,5.38,73085,53234.335,1.0
2020-01-17,5.48,5.6,5.42,5.53,308934,230280.148,1.0
2020-01-20,5.52,5.53,5.44,5.52,123955,91384.113,1.0
2020-01-21,5.5,5.51,5.36,5.38,142883,104262.357,1.0
2020-01-22,5.35,5.36,5.23,5.32,111009,78981.395,1.0
2020-01-23,5.3,5.32,5.09,5.14,141437,99154.805,1.0
2020-02-03,4.61,4.61,4.61,4.61,27793,17315.039,1.0
2020-02-04,4.19,4.5,4.18,4.42,276023,164622.495,1.0
2020-02-05,4.44,4.59,4.42,4.49,183130,111370.901,1.0
2020-02-06,4.52,4.62,4.43,4.59,193691,118394.734,1.0
2020-02-07,4.6,4.7,4.56,4.68,159161,99646.058,1.0
2020-02-10,4.65,5.12,4.62,4.96,246526,163525.712,1.0
2020-02-11,4.98,4.98,4.84,4.89,152882,101353.19,1.0
2020-02-12,4.87,4.92,4.86,4.92,105741,69871.265,1.0
2020-02-13,4.91,5.0,4.87,4.94,108413,72023.085,1.0
2020-02-14,4.92,5.02,4.9,4.98,132328,88381.587,1.0
2020-02-17,4.95,5.13,4.95,5.09,195051,132511.841,1.0
2020-02-18,5.08,5.08,5.0,5.05,144490,98123.347,1.0
2020-02-19,5.05,5.12,5.02,5.08,161102,110387.014,1.0
2020-02-20,5.08,5.28,5.03,5.18,229183,158811.669,1.0
2020-02-21,5.12,5.26,5.12,5.18,194137,135520.43,1.0
2020-02-24,5.16,5.27,5.14,5.25,197738,138479.991,1.0
2020-02-25,5.15,5.16,4.93,5.13,223214,153485.983,1.0
2020-02-26,5.05,5.34,5.01,5.18,353126,249003.18,1.0
2020-02-27,5.32,5.41,5.2,5.23,407845,291033.408,1.0
2020-02-28,5.11,5.29,4.99,5.01,317969,219922.935,1.0
2020-03-02,5.11,5.47,5.06,5.43,551100,396115.856,1.0
2020-03-03,5.55,5.58,5.32,5.45,550717,401825.344,1.0
2020-03-04,5.37,5.55,5.37,5.53,380610,279924.24,1.0
2020-03-05,5.58,5.61,5.47,5.5,354214,263616.654,1.0
2020-03-06,5.42,5.45,5.32,5.37,258136,186214.816,1.0
2020-03-09,5.27,5.32,5.09,5.11,251773,176474.388,1.0
2020-03-10,5.02,5.23,5.0,5.21,208154,143481.363,1.0
2020-03-11,5.23,5.25,5.12,5.13,178744,124913.684,1.0
2020-03-12,5.07,5.15,4.94,4.99,181883,122903.886,1.0
2020-03-13,4.75,4.98,4.68,4.92,161661,105689.021,1.0
2020-03-16,4.96,5.02,4.75,4.78,144038,95442.523,1.0
2020-03-17,4.76,4.85,4.59,4.75,153519,98083.249,1.0
2020-03-18,4.79,4.88,4.65,4.68,140006,90649.512,1.0
2020-03-19,4.68,4.72,4.59,4.68,123148,77582.924,1.0
2020-03-20,4.73,4.95,4.71,4.87,171064,111384.811,1.0
2020-03-23,4.76,4.98,4.68,4.88,196918,129539.7,1.0
2020-03-24,4.97,5.01,4.88,4.98,175287,117277.332,1.0
2020-03-25,5.07,5.08,4.93,4.99,182290,122386.294,1.0
2020-03-26,4.98,4.98,4.85,4.86,116511,77208.895,1.0
2020-03-27,4.93,5.01,4.87,4.92,140254,93683.269,1.0
2020-03-30,4.86,4.95,4.8,4.92,102197,67425.101,1.0
2020-03-31,4.97,4.98,4.88,4.88,81297,53880.258,1.0
2020-04-01,4.85,4.98,4.85,4.87,96607,64074.024,1.0
2020-04-02,4.88,4.92,4.82,4.91,75754,49681.531,1.0
2020-04-03,4.91,4.93,4.84,4.86,59696,39259.014,1.0
2020-04-07,4.95,5.08,4.9,5.05,214026,144506.066,1.0
2020-04-08,5.07,5.22,5.05,5.22,279121,193231.682,1.0
2020-04-09,5.25,5.25,5.12,5.16,160611,111939.681,1.0
2020-04-10,5.18,5.18,5.05,5.09,104313,71817.524,1.0
2020-04-13,5.03,5.26,5.02,5.17,142796,99037.617,1.0
2020-04-14,5.18,5.19,5.1,5.19,115139,79958.489,1.0
2020-04-15,5.18,5.19,5.07,5.1,117851,81154.603,1.0
2020-04-16,5.07,5.12,5.02,5.07,92517,62960.887,1.0
2020-04-17,5.07,5.24,5.07,5.18,250907,174532.311,1.0
2020-04-20,5.17,5.3,5.12,5.23,309010,216206.298,1.0
2020-04-21,5.18,5.22,5.05,5.18,191948,132733.882,1.0
2020-04-22,5.1,5.21,5.08,5.2,157387,109193.631,1.0
2020-04-23,5.2,5.24,5.12,5.15,93362,64818.462,1.0
2020-04-24,5.15,5.6,5.12,5.35,520372,376330.208,1.0
2020-04-27,5.42,5.48,5.27,5.36,320659,231892.204,1.0
2020-04-28,5.15,5.17,4.82,4.98,423062,284783.024,1.0
2020-04-29,4.92,5.16,4.91,5.12,215942,147000.618,1.0
2020-04-30,5.12,5.32,5.09,5.22,188821,131276.686,1.0
2020-05-06,5.22,5.74,5.2,5.68,659764,490287.536,1.0
2020-05-07,5.66,5.78,5.6,5.68,408236,311919.008,1.0
2020-05-08,5.74,5.75,5.52,5.52,353627,265967.501,1.0
2020-05-11,5.62,5.76,5.55,5.63,433645,328817.584,1.0
2020-05-12,5.71,5.72,5.4,5.46,341524,252093.602,1.0
2020-05-13,5.43,5.52,5.35,5.44,197237,143796.226,1.0
2020-05-14,5.41,5.43,5.3,5.3,209235,150506.679,1.0
2020-05-15,5.34,5.45,5.32,5.41,197182,142898.085,1.0
2020-05-18,5.62,5.88,5.43,5.52,747983,568289.12,1.0
2020-05-19,5.48,5.63,5.43,5.49,352286,260989.257,1.0
2020-05-20,5.45,5.63,5.34,5.51,480687,352947.952,1.0
2020-05-21,5.45,5.53,5.37,5.42,255057,186839.367,1.0
2020-05-22,5.47,5.48,5.23,5.24,254971,182143.452,1.0
2020-05-25,5.18,5.2,5.04,5.09,176433,121561.846,1.0
2020-05-26,5.11,5.18,5.08,5.15,111541,77109.994,1.0
2020-05-27,5.14,5.14,4.92,4.97,189367,128188.678,1.0
2020-05-28,4.98,5.02,4.89,4.96,126522,84483.656,1.0
2020-05-29,4.95,5.05,4.9,4.98,87332,58560.783,1.0
2020-06-01,5.03,5.08,4.99,5.07,113431,77202.79,1.0
2020-06-02,5.05,5.13,5.02,5.06,151098,103336.418,1.0
2020-06-03,5.07,5.12,5.05,5.07,111943,76581.638,1.0
2020-06-04,5.07,5.08,5.01,5.03,93680,63547.167,1.0
2020-06-05,5.02,5.06,5.0,5.02,62173,42090.561,1.0
2020-06-08,5.04,5.1,5.03,5.1,108490,74200.232,1.0
2020-06-09,5.09,5.18,5.06,5.15,120395,83412.898,1.0
2020-06-10,5.15,5.21,5.09,5.18,95772,66530.928,1.0
2020-06-11,5.18,5.31,5.14,5.3,209605,148105.906,1.0
2020-06-12,5.21,5.37,5.18,5.29,175737,125229.674,1.0
2020-06-15,5.31,5.31,5.18,5.18,140246,98891.143,1.0
2020-06-16,5.22,5.31,5.17,5.25,129581,91283.899,1.0
2020-06-17,5.38,5.48,5.32,5.4,314237,228605.998,1.0
2020-06-18,5.32,5.5,5.23,5.37,237623,171413.183,1.0
2020-06-19,5.32,5.38,5.25,5.26,180596,128429.225,1.0
2020-06-22,5.29,5.43,5.28,5.37,197781,142567.955,1.0
2020-06-23,5.37,5.42,5.31,5.35,149019,107446.766,1.0
2020-06-24,5.35,5.38,5.25,5.25,139818,99568.747,1.0
2020-06-29,5.24,5.33,5.21,5.28,104270,73877.618,1.0
2020-06-30,5.32,5.37,5.25,5.29,153283,109207.218,1.0
2020-07-01,5.27,5.39,5.25,5.37,238615,171092.208,1.0
2020-07-02,5.35,5.45,5.34,5.44,239375,174545.998,1.0
2020-07-03,5.45,5.62,5.4,5.54,303139,224791.064,1.0
2020-07-06,5.52,5.93,5.49,5.85,524799,404439.504,1.0
2020-07-07,5.97,6.08,5.8,5.8,507626,402345.808,1.0
2020-07-08,5.8,5.99,5.78,5.91,440374,346602.16,1.0
2020-07-09,5.85,6.27,5.8,6.22,678244,545131.168,1.0
2020-07-10,6.15,6.85,6.11,6.59,942138,824951.264,1.0
2020-07-13,6.74,6.85,6.57,6.72,657449,591841.008,1.0
2020-07-14,6.74,7.16,6.63,6.86,835769,767522.272,1.0
2020-07-15,7.09,7.15,6.35,6.35,621626,556192.736,1.0
2020-07-16,6.44,6.66,6.18,6.22,494993,428282.896,1.0
2020-07-17,6.38,6.51,6.26,6.33,331212,279963.072,1.0
2020-07-20,6.42,6.79,6.42,6.78,424836,375121.616,1.0
2020-07-21,6.78,6.86,6.64,6.81,324432,289738.016,1.0
2020-07-22,6.77,7.15,6.71,6.95,461730,427020.032,1.0
2020-07-23,6.88,7.02,6.75,6.92,344541,313810.96,1.0
2020-07-24,6.8,6.94,6.38,6.53,326880,288623.12,1.0
2020-07-27,6.64,7.16,6.64,6.92,604092,556094.768,1.0
2020-07-28,7.03,7.63,7.03,7.63,927028,925114.768,1.0
2020-07-29,7.48,7.99,7.4,7.78,1102233,1120686.416,1.0
2020-07-30,7.78,8.31,7.77,7.85,870801,920104.128,1.0
2020-07-31,7.78,8.07,7.65,7.98,803329,831670.416,1.0
2020-08-03,8.11,8.18,7.78,8.03,690681,728288.256,1.0
2020-08-04,8.04,8.69,8.04,8.34,909053,1013808.304,1.0
2020-08-05,8.25,8.45,7.94,8.27,569285,618703.44,1.0
2020-08-06,8.26,8.65,8.17,8.54,719304,802538.832,1.0
2020-08-07,8.54,8.54,8.12,8.22,480529,526258.512,1.0
2020-08-10,8.34,8.38,7.49,7.58,691924,716024.032,1.0
2020-08-11,7.58,7.99,7.53,7.56,473903,483415.408,1.0
2020-08-12,7.63,7.85,7.08,7.8,707384,697238.64,1.0
2020-08-13,7.81,8.26,7.58,8.09,564578,593847.84,1.0
2020-08-14,7.95,8.92,7.84,8.85,904696,997771.552,1.0
2020-08-17,8.57,8.85,8.49,8.63,803732,919834.784,1.0
2020-08-18,8.57,8.78,8.48,8.64,500582,570328.496,1.0
2020-08-19,8.57,8.88,8.4,8.55,525315,599368.384,1.0
2020-08-20,8.45,8.52,8.2,8.21,457950,504524.608,1.0
2020-08-21,8.35,8.55,8.03,8.21,389834,423697.68,1.0
2020-08-24,8.24,8.61,8.21,8.38,415824,462539.424,1.0
2020-08-25,8.42,8.53,8.16,8.25,331696,364438.288,1.0
2020-08-26,8.28,8.54,7.81,8.34,805677,873591.952,1.0
2020-08-27,8.34,8.85,8.21,8.73,794728,897354.64,1.0
2020-08-28,8.57,8.82,8.34,8.5,564941,638991.248,1.0
2020-08-31,8.65,9.34,8.42,8.48,2198349,2525923.808,1.0
2020-09-01,8.04,8.18,7.62,7.62,1101597,1119202.992,1.0
2020-09-02,7.36,7.53,7.1,7.15,869936,832443.232,1.0
2020-09-03,7.18,7.18,6.85,6.88,599500,554818.112,1.0
2020-09-04,6.74,7.05,6.62,7.05,422558,383854.944,1.0
2020-09-07,6.97,7.02,6.48,6.58,553561,494606.896,1.0
2020-09-08,6.59,6.63,6.35,6.48,355550,304658.432,1.0
2020-09-09,6.37,6.4,6.12,6.14,412469,341564.56,1.0
2020-09-10,6.21,6.24,6.08,6.09,232464,189851.431,1.0
2020-09-11,6.03,6.16,5.99,6.15,213531,172491.482,1.0
2020-09-14,6.14,6.23,6.12,6.19,209122,171066.638,1.0
2020-09-15,6.25,6.43,6.19,6.35,363893,305605.792,1.0
2020-09-16,6.27,6.32,6.15,6.22,233971,192891.612,1.0
2020-09-17,6.22,6.36,6.12,6.32,233194,193582.425,1.0
2020-09-18,6.32,6.43,6.26,6.39,236025,198713.897,1.0
2020-09-21,6.38,6.75,6.36,6.63,400199,349403.36,1.0
2020-09-22,6.5,6.52,6.32,6.37,257661,218936.417,1.0
2020-09-23,6.38,6.38,6.22,6.24,157512,131006.006,1.0
2020-09-24,6.18,6.22,6.02,6.05,204817,164959.211,1.0
2020-09-25,6.07,6.09,5.89,5.95,160787,127506.935,1.0
2020-09-28,5.96,6.01,5.81,5.88,130987,102512.061,1.0
2020-09-29,5.9,5.99,5.88,5.93,103804,81896.066,1.0
2020-09-30,5.94,6.12,5.89,5.96,201763,160805.233,1.0
2020-10-09,6.03,6.14,6.0,6.12,170888,138039.407,1.0
2020-10-12,6.14,6.34,6.08,6.32,230598,190634.142,1.0
2020-10-13,6.31,6.31,6.22,6.26,133333,110448.724,1.0
2020-10-14,6.25,6.28,6.09,6.12,160821,130836.701,1.0
2020-10-15,6.11,6.12,6.02,6.04,112815,90748.921,1.0
2020-10-16,6.03,6.07,5.96,5.99,96862,77097.402,1.0
2020-10-19,6.03,6.06,5.93,5.95,100556,79888.949,1.0
2020-10-20,5.92,5.96,5.85,5.96,136453,106787.184,1.0
2020-10-21,5.94,5.95,5.77,5.79,146992,113793.379,1.0
2020-10-22,5.74,5.8,5.65,5.75,123462,93815.95,1.0
2020-10-23,5.78,5.94,5.76,5.82,154548,119957.824,1.0
2020-10-26,5.77,5.8,5.66,5.74,93785,71410.108,1.0
2020-10-27,5.7,5.74,5.63,5.67,100831,75970.049,1.0
2020-10-28,5.67,5.68,5.52,5.63,127871,94895.125,1.0
2020-10-29,5.57,5.8,5.54,5.75,140067,106090.377,1.0
2020-10-30,5.76,5.77,5.54,5.54,141614,105715.047,1.0
2020-11-02,5.54,5.61,5.39,5.56,135047,99175.362,1.0
2020-11-03,5.61,5.84,5.57,5.78,172462,131556.629,1.0
2020-11-04,5.78,5.85,5.74,5.75,130479,100295.438,1.0
2020-11-05,5.82,5.92,5.75,5.85,179242,138942.041,1.0
2020-11-06,5.87,6.02,5.83,6.01,285789,225686.116,1.0
2020-11-09,6.25,6.32,6.08,6.18,492548,405313.408,1.0
2020-11-10,6.15,6.2,6.02,6.04,234738,189831.839,1.0
2020-11-11,6.04,6.26,5.98,6.16,335039,274365.28,1.0
2020-11-12,6.11,6.13,5.99,6.05,196111,156828.135,1.0
2020-11-13,6.01,6.02,5.85,5.99,139434,109865.823,1.0
2020-11-16,5.98,6.14,5.97,6.14,198282,160247.431,1.0
2020-11-17,6.11,6.2,6.07,6.1,188959,153744.419,1.0
2020-11-18,6.1,6.18,6.05,6.12,154690,125578.628,1.0
2020-11-19,6.08,6.08,5.96,6.05,160012,127752.029,1.0
2020-11-20,6.04,6.07,5.95,6.03,139478,110996.426,1.0
2020-11-23,6.02,6.18,5.98,6.13,247969,201126.942,1.0
2020-11-24,6.1,6.15,6.07,6.12,120289,97337.81,1.0
2020-11-25,6.13,6.14,5.88,5.88,246598,196120.535,1.0
2020-11-26,5.89,5.9,5.75,5.8,141933,109343.223,1.0
2020-11-27,5.77,5.84,5.68,5.78,113813,86811.852,1.0
2020-11-30,5.86,5.99,5.83,5.9,203068,159531.643,1.0
2020-12-01,5.86,5.95,5.82,5.93,109500,85770.43,1.0
2020-12-02,5.93,6.01,5.9,5.97,119321,94310.112,1.0
2020-12-03,5.95,5.95,5.88,5.92,90396,70972.802,1.0
2020-12-04,5.92,5.92,5.82,5.87,92880,72237.022,1.0
2020-12-07,5.88,5.9,5.82,5.83,83421,64814.002,1.0
2020-12-08,5.83,5.84,5.73,5.74,95398,73099.704,1.0
2020-12-09,5.75,5.76,5.62,5.63,86822,65497.102,1.0
2020-12-10,5.63,5.68,5.61,5.64,61234,45896.536,1.0
2020-12-11,5.64,5.68,5.48,5.55,101848,75052.555,1.0
2020-12-14,5.51,5.62,5.48,5.62,60252,44547.987,1.0
2020-12-15,5.58,5.72,5.55,5.66,70796,53090.486,1.0
2020-12-16,5.67,5.68,5.55,5.55,51158,38078.032,1.0
2020-12-17,5.56,5.64,5.47,5.62,73067,53990.094,1.0
2020-12-18,5.61,5.68,5.58,5.64,64191,48108.78,1.0
2020-12-21,5.61,5.66,5.56,5.63,58511,43686.149,1.0
2020-12-22,5.63,5.63,5.44,5.45,112765,82668.434,1.0
2020-12-23,5.47,5.47,5.32,5.35,120975,86478.85,1.0
2020-12-24,5.32,5.38,5.25,5.27,86521,61035.193,1.0
2020-12-25,5.26,5.33,5.23,5.29,65970,46411.314,1.0
2020-12-28,5.28,5.28,5.1,5.15,117594,80805.26,1.0
2020-12-29,5.15,5.35,5.15,5.25,87717,61202.839,1.0
2020-12-30,5.22,5.3,5.17,5.24,80986,56372.053,1.0
2020-12-31,5.24,5.32,5.22,5.28,73121,51326.618,1.0
2021-01-04,5.27,5.38,5.25,5.38,95204,67550.298,1.0
2021-01-05,5.33,5.47,5.33,5.45,113964,82024.13,1.0
2021-01-06,5.45,5.65,5.37,5.56,180863,132925.643,1.0
2021-01-07,5.51,5.52,5.31,5.34,151010,108333.435,1.0
2021-01-08,5.32,5.41,5.23,5.33,84105,59607.594,1.0
2021-01-11,5.34,5.35,5.14,5.17,122677,85344.913,1.0
2021-01-12,5.17,5.22,5.15,5.18,56984,39314.496,1.0
2021-01-13,5.21,5.25,5.12,5.25,83038,57249.617,1.0
2021-01-14,5.22,5.33,5.17,5.28,98858,69207.25,1.0
2021-01-15,5.27,5.31,5.2,5.22,98191,68494.348,1.0
2021-01-18,5.18,5.25,5.18,5.25,72720,50577.137,1.0
2021-01-19,5.25,5.38,5.2,5.33,120090,84689.265,1.0
2021-01-20,5.32,5.32,5.22,5.25,75836,53003.131,1.0
2021-01-21,5.25,5.33,5.22,5.27,87046,61091.46,1.0
2021-01-22,5.25,5.26,5.15,5.16,113939,78594.338,1.0
2021-01-25,5.16,5.16,5.01,5.02,142345,95956.479,1.0
2021-01-26,5.02,5.05,4.95,4.97,73424,48859.137,1.0
2021-01-27,4.95,5.02,4.95,4.98,56026,37138.001,1.0
2021-01-28,4.95,4.98,4.89,4.9,67386,44185.498,1.0
2021-01-29,4.91,4.92,4.71,4.8,98018,63054.61,1.0
2021-02-01,4.81,4.85,4.74,4.82,62977,40234.186,1.0
2021-02-02,4.82,4.92,4.78,4.89,52933,34360.543,1.0
2021-02-03,4.89,4.94,4.77,4.78,60762,39284.03,1.0
2021-02-04,4.82,4.82,4.54,4.63,86011,53386.475,1.0
2021-02-05,4.65,4.71,4.57,4.59,65861,40724.837,1.0
2021-02-08,4.59,4.71,4.59,4.68,51665,32152.197,1.0
2021-02-09,4.69,4.78,4.67,4.76,52339,33093.699,1.0
2021-02-10,4.78,4.85,4.76,4.8,51005,32579.723,1.0
2021-02-18,4.88,5.05,4.88,5.0,125469,83079.407,1.0
2021-02-19,5.02,5.34,5.01,5.3,250864,174693.385,1.0
2021-02-22,5.3,5.85,5.3,5.64,449426,336000.768,1.0
2021-02-23,5.61,5.76,5.55,5.61,309109,231257.272,1.0
2021-02-24,5.58,5.71,5.47,5.58,193924,143812.854,1.0
2021-02-25,5.67,5.67,5.4,5.42,221542,161401.037,1.0
2021-02-26,5.3,5.4,5.27,5.31,154205,109113.501,1.0
2021-03-01,5.32,5.44,5.31,5.38,156250,111469.013,1.0
2021-03-02,5.39,5.43,5.29,5.32,125777,89371.544,1.0
2021-03-03,5.33,5.41,5.32,5.38,102976,73323.834,1.0
2021-03-04,5.34,5.46,5.33,5.38,157947,113394.703,1.0
2021-03-05,5.35,5.41,5.28,5.35,135285,95849.208,1.0
2021-03-08,5.37,5.43,5.29,5.3,123422,87958.423,1.0
2021-03-09,5.3,5.35,5.0,5.21,147805,102274.679,1.0
2021-03-10,5.22,5.25,5.08,5.1,85357,58428.877,1.0
2021-03-11,5.14,5.48,5.14,5.43,247748,176597.612,1.0
2021-03-12,5.38,5.46,5.34,5.42,186784,134413.783,1.0
2021-03-15,5.46,5.57,5.43,5.5,217883,159462.905,1.0
2021-03-16,5.49,5.54,5.4,5.46,132387,96183.397,1.0
2021-03-17,5.42,5.46,5.34,5.42,89583,64272.446,1.0
2021-03-18,5.43,5.45,5.36,5.38,76757,55047.605,1.0
2021-03-19,5.35,5.43,5.33,5.41,101555,72744.865,1.0
2021-03-22,5.38,5.43,5.35,5.42,107344,76893.692,1.0
2021-03-23,5.42,5.57,5.35,5.37,185305,134284.53,1.0
2021-03-24,5.3,5.35,5.19,5.24,178036,124633.259,1.0
2021-03-25,5.22,5.25,5.17,5.19,62732,43478.971,1.0
2021-03-26,5.22,5.33,5.2,5.32,96345,67655.433,1.0
2021-03-29,5.35,5.46,5.34,5.42,143470,103075.082,1.0
2021-03-30,5.42,5.97,5.38,5.97,917988,718376.128,1.0
2021-03-31,6.03,6.25,5.85,5.9,1016631,815108.72,1.0
2021-04-01,5.7,5.77,5.52,5.55,627624,468853.904,1.0
2021-04-02,5.61,5.62,5.44,5.45,286577,209248.799,1.0
2021-04-06,5.45,5.51,5.42,5.47,179509,130362.778,1.0
2021-04-07,5.48,5.48,5.32,5.48,228584,163765.185,1.0
2021-04-08,5.45,5.51,5.38,5.41,213295,154133.158,1.0
2021-04-09,5.42,5.49,5.4,5.43,158564,114754.014,1.0
2021-04-12,5.44,5.48,5.34,5.35,161613,115962.902,1.0
2021-04-13,5.32,5.35,5.28,5.32,103551,73165.395,1.0
2021-04-14,5.31,5.39,5.31,5.39,104203,74121.619,1.0
2021-04-15,5.35,5.45,5.32,5.44,121864,87154.639,1.0
2021-04-16,5.4,5.48,5.39,5.47,125251,90775.255,1.0
2021-04-19,5.45,5.58,5.43,5.56,210107,154402.803,1.0
2021-04-20,5.5,5.61,5.5,5.51,184457,135978.254,1.0
2021-04-21,5.51,5.64,5.42,5.54,186555,137414.439,1.0
2021-04-22,5.52,5.56,5.48,5.51,137685,100943.77,1.0
2021-04-23,5.49,5.53,5.38,5.42,133215,96124.287,1.0
2021-04-26,5.41,5.45,5.38,5.38,84403,60686.782,1.0
2021-04-27,5.39,5.41,5.27,5.34,119585,84659.962,1.0
2021-04-28,5.34,5.52,5.32,5.52,169287,122832.243,1.0
2021-04-29,5.51,5.53,5.45,5.49,106286,77514.756,1.0
2021-04-30,5.42,5.43,5.31,5.32,159366,113672.62,1.0
2021-05-06,5.31,5.45,5.28,5.41,105543,75544.422,1.0
2021-05-07,5.4,5.58,5.37,5.51,217302,159276.959,1.0
2021-05-10,5.54,5.68,5.52,5.68,282760,210898.56,1.0
2021-05-11,5.63,5.63,5.45,5.6,206825,152539.212,1.0
2021-05-12,5.58,5.64,5.55,5.62,156221,116337.753,1.0
2021-05-13,5.58,5.82,5.54,5.63,291232,219809.731,1.0
2021-05-14,5.64,5.75,5.57,5.73,255230,192720.386,1.0
2021-05-17,5.75,5.79,5.44,5.47,352697,261215.036,1.0
2021-05-18,5.39,5.53,5.36,5.52,165130,119439.821,1.0
2021-05-19,5.47,5.75,5.45,5.69,330836,247881.475,1.0
2021-05-20,5.65,5.69,5.47,5.52,280729,206444.249,1.0
2021-05-21,5.52,5.59,5.44,5.46,200616,146850.906,1.0
2021-05-24,5.36,5.39,5.32,5.35,244983,174128.258,1.0
2021-05-25,5.35,5.38,5.28,5.37,154209,109422.353,1.0
2021-05-26,5.37,5.39,5.33,5.38,121432,86630.32,1.0
2021-05-27,5.38,5.42,5.34,5.39,115624,82745.913,1.0
2021-05-28,5.39,5.4,5.34,5.34,134859,96078.622,1.0
2021-05-31,5.34,5.36,5.31,5.35,106432,75508.271,1.0
2021-06-01,5.34,5.4,5.32,5.37,122490,87390.508,1.0
2021-06-02,5.36,5.38,5.31,5.32,111925,79526.354,1.0
2021-06-03,5.31,5.35,5.31,5.32,76278,54002.822,1.0
2021-06-04,5.27,5.33,5.27,5.28,97438,68575.629,1.0
2021-06-07,5.27,5.29,5.18,5.2,132617,92130.546,1.0
2021-06-08,5.19,5.22,5.13,5.15,87258,60002.073,1.0
2021-06-09,5.13,5.24,5.11,5.19,67909,46669.32,1.0
2021-06-10,5.2,5.22,5.14,5.19,71799,49430.627,1.0
2021-06-11,5.18,5.2,5.15,5.16,46868,32220.408,1.0
2021-06-15,5.17,5.2,5.11,5.11,56470,38569.508,1.0
2021-06-16,5.12,5.16,5.08,5.1,41692,28432.571,1.0
2021-06-17,5.15,5.19,5.12,5.15,50325,34545.079,1.0
2021-06-18,5.15,5.24,5.06,5.18,87216,59514.542,1.0
2021-06-21,5.13,5.18,5.12,5.15,51313,35126.211,1.0
2021-06-22,5.15,5.19,5.15,5.18,60127,41403.816,1.0
2021-06-23,5.18,5.22,5.15,5.18,73484,50749.976,1.0
2021-06-24,5.19,5.21,5.14,5.15,66512,45808.815,1.0
2021-06-25,5.14,5.17,5.12,5.15,63532,43445.441,1.0
2021-06-28,5.14,5.16,5.08,5.1,87556,59655.909,1.0
2021-06-29,5.1,5.11,5.02,5.03,86449,57998.643,1.0
2021-06-30,5.03,5.08,5.01,5.06,75446,50593.008,1.0
2021-07-01,5.05,5.14,5.01,5.06,86095,58082.79,1.0
2021-07-02,5.03,5.05,4.98,5.02,44359,29633.394,1.0
2021-07-05,5.02,5.17,5.0,5.12,66438,45147.744,1.0
2021-07-06,5.12,5.23,5.11,5.18,93236,64315.141,1.0
2021-07-07,5.15,5.2,5.14,5.18,62844,43271.22,1.0
2021-07-08,5.17,5.18,5.12,5.13,60049,41057.713,1.0
2021-07-09,5.12,5.18,5.07,5.14,60729,41344.952,1.0
2021-07-12,5.18,5.28,5.16,5.25,162339,112899.398,1.0
2021-07-13,5.34,5.48,5.27,5.48,389534,280329.04,1.0
2021-07-14,5.5,5.53,5.41,5.48,264977,192761.085,1.0
2021-07-15,5.45,5.49,5.35,5.45,165680,119423.127,1.0
2021-07-16,5.44,5.75,5.42,5.64,480705,359314.48,1.0
2021-07-19,5.62,5.75,5.55,5.58,380743,285891.92,1.0
2021-07-20,5.48,5.62,5.48,5.61,197213,145926.589,1.0
2021-07-21,5.66,5.88,5.61,5.82,382258,294464.208,1.0
2021-07-22,5.91,6.02,5.78,5.92,432072,337377.216,1.0
2021-07-23,5.72,5.76,5.32,5.32,867466,621283.456,1.0
2021-07-26,5.22,5.22,4.93,4.94,484353,324090.256,1.0
2021-07-27,4.9,5.05,4.88,4.95,219290,144981.756,1.0
2021-07-28,4.95,4.95,4.72,4.82,145511,93669.872,1.0
2021-07-29,4.85,4.91,4.8,4.84,127302,82256.982,1.0
2021-07-30,4.85,4.86,4.77,4.81,99146,62798.131,1.0
2021-08-02,4.79,4.98,4.73,4.94,136901,87958.383,1.0
2021-08-03,4.93,5.02,4.85,4.91,110569,71976.894,1.0
2021-08-04,4.94,4.96,4.89,4.93,73653,47741.349,1.0
2021-08-05,4.93,4.96,4.91,4.95,85446,55500.97,1.0
2021-08-06,4.94,4.97,4.86,4.87,97580,62836.531,1.0
2021-08-09,4.87,4.95,4.85,4.92,75639,49010.445,1.0
2021-08-10,4.89,4.96,4.88,4.95,81633,53008.448,1.0
2021-08-11,4.96,5.01,4.92,4.98,94827,62069.866,1.0
2021-08-12,4.97,5.01,4.95,4.98,84449,55256.532,1.0
2021-08-13,4.97,5.1,4.95,5.1,159776,106220.641,1.0
2021-08-16,5.13,5.21,5.05,5.06,127084,85250.87,1.0
2021-08-17,5.05,5.13,4.98,4.99,130959,86724.717,1.0
2021-08-18,4.98,5.12,4.96,5.11,142576,95200.901,1.0
2021-08-19,4.98,5.1,4.88,5.02,184803,121013.946,1.0
2021-08-20,4.97,5.12,4.94,5.07,173870,115159.84,1.0
2021-08-23,5.04,5.09,5.02,5.05,116863,77830.377,1.0
2021-08-24,5.05,5.05,4.96,5.01,133058,87417.15,1.0
2021-08-25,4.98,5.02,4.96,5.01,87113,57165.29,1.0
2021-08-26,4.98,5.03,4.96,4.98,88758,58226.343,1.0
2021-08-27,4.97,4.98,4.82,4.85,171743,110364.367,1.0
2021-08-30,4.87,4.92,4.84,4.87,81765,52414.48,1.0
2021-08-31,4.88,5.02,4.85,4.98,125404,81727.875,1.0
2021-09-01,5.01,5.26,4.98,5.23,403403,272819.856,1.0
2021-09-02,5.22,5.22,5.11,5.18,195811,132660.332,1.0
2021-09-03,5.16,5.17,5.08,5.11,184032,123913.175,1.0
2021-09-06,5.1,5.21,5.06,5.15,181634,122762.159,1.0
2021-09-07,5.17,5.24,5.14,5.22,212332,145339.371,1.0
2021-09-08,5.18,5.35,5.18,5.32,360386,251218.758,1.0
2021-09-09,5.61,5.86,5.44,5.86,685272,521076.816,1.0
2021-09-10,6.0,6.0,5.47,5.48,1233666,930756.128,1.0
2021-09-13,5.4,5.74,5.4,5.58,598522,439181.184,1.0
2021-09-14,5.55,5.69,5.37,5.38,427689,307906.736,1.0
2021-09-15,5.4,5.58,5.37,5.49,329950,237851.939,1.0
2021-09-16,5.52,5.65,5.41,5.42,320097,233124.608,1.0
2021-09-17,5.43,5.55,5.24,5.39,264252,187406.473,1.0
2021-09-22,5.39,5.47,5.32,5.4,195166,138907.543,1.0
2021-09-23,5.47,5.55,5.4,5.52,351691,254000.995,1.0
2021-09-24,5.53,5.53,5.23,5.25,348247,244280.437,1.0
2021-09-27,5.22,5.25,4.97,5.02,272137,181111.539,1.0
2021-09-28,4.98,5.06,4.98,5.02,102123,67321.762,1.0
2021-09-29,5.0,5.05,4.9,4.93,129290,84476.985,1.0
2021-09-30,4.95,5.02,4.93,5.02,75277,49442.536,1.0
2021-10-08,5.06,5.16,5.04,5.12,110891,74286.974,1.0
2021-10-11,5.09,5.18,5.06,5.08,70415,47289.779,1.0
2021-10-12,5.07,5.08,4.95,4.99,83807,55160.983,1.0
2021-10-13,4.98,5.05,4.95,5.04,59356,39025.96,1.0
2021-10-14,5.04,5.08,5.0,5.06,50096,33266.715,1.0
2021-10-15,5.05,5.13,5.03,5.06,75671,50637.009,1.0
2021-10-18,5.03,5.08,4.98,5.08,55026,36414.245,1.0
2021-10-19,5.08,5.08,5.02,5.05,51780,34305.693,1.0
2021-10-20,5.03,5.04,4.98,4.98,65710,43210.864,1.0
2021-10-21,4.98,5.04,4.97,4.98,54359,35734.849,1.0
2021-10-22,4.98,5.06,4.97,4.99,66059,43513.215,1.0
2021-10-25,4.98,4.99,4.9,4.97,54790,35697.643,1.0
2021-10-26,4.95,4.97,4.9,4.91,77194,50018.591,1.0
2021-10-27,4.92,4.92,4.77,4.78,87868,55643.481,1.0
2021-10-28,4.78,4.82,4.73,4.78,52374,32873.815,1.0
2021-10-29,4.78,4.85,4.78,4.83,43330,27448.695,1.0
2021-11-01,4.75,4.8,4.69,4.79,62223,38921.123,1.0
2021-11-02,4.78,4.8,4.69,4.7,62461,38871.338,1.0
2021-11-03,4.72,4.74,4.7,4.74,31593,19638.076,1.0
2021-11-04,4.74,4.81,4.71,4.79,55108,34519.828,1.0
2021-11-05,4.78,4.79,4.73,4.75,42367,26516.976,1.0
2021-11-08,4.75,4.76,4.7,4.75,29755,18558.057,1.0
2021-11-09,4.75,4.78,4.75,4.76,34160,21413.686,1.0
2021-11-10,4.77,4.8,4.73,4.79,49008,30704.587,1.0
2021-11-11,4.78,4.88,4.77,4.88,91430,58259.177,1.0
2021-11-12,4.85,4.85,4.81,4.83,56864,36126.061,1.0
2021-11-15,4.83,4.84,4.77,4.8,64480,40660.126,1.0
2021-11-16,4.78,4.81,4.76,4.77,48627,30612.887,1.0
2021-11-17,4.75,4.79,4.75,4.78,34758,21871.294,1.0
2021-11-18,4.78,4.78,4.75,4.75,53026,33275.706,1.0
2021-11-19,4.76,4.82,4.75,4.82,63412,39982.407,1.0
2021-11-22,4.84,4.84,4.79,4.82,51367,32563.622,1.0
2021-11-23,4.81,4.84,4.8,4.83,55396,35192.41,1.0
2021-11-24,4.83,4.84,4.78,4.82,55901,35335.618,1.0
2021-11-25,4.81,4.81,4.78,4.8,44066,27789.344,1.0
2021-11-26,4.8,4.81,4.75,4.76,46754,29337.565,1.0
2021-11-29,4.71,4.73,4.68,4.71,53812,33366.222,1.0
2021-11-30,4.71,4.79,4.71,4.75,46409,29075.99,1.0
2021-12-01,4.75,4.8,4.72,4.79,55950,35157.681,1.0
2021-12-02,4.81,4.88,4.77,4.82,104695,66552.411,1.0
2021-12-03,4.82,4.86,4.79,4.84,63456,40307.095,1.0
2021-12-06,4.85,4.87,4.78,4.79,58136,36862.91,1.0
2021-12-07,4.8,4.86,4.78,4.83,75197,47761.543,1.0
2021-12-08,4.84,4.85,4.8,4.83,44402,28183.764,1.0
2021-12-09,4.82,5.02,4.8,4.96,175766,113380.724,1.0
2021-12-10,4.91,4.92,4.85,4.87,104470,67028.809,1.0
2021-12-13,4.88,4.92,4.88,4.88,69991,45073.993,1.0
2021-12-14,4.86,4.9,4.82,4.85,56125,35845.377,1.0
2021-12-15,4.85,4.9,4.83,4.88,57129,36686.273,1.0
2021-12-16,4.88,4.92,4.87,4.89,63209,40741.792,1.0
2021-12-17,4.89,4.92,4.87,4.88,56970,36663.659,1.0
2021-12-20,4.88,4.89,4.83,4.86,63762,40805.268,1.0
2021-12-21,4.86,4.95,4.85,4.95,117735,76343.739,1.0
2021-12-22,4.96,4.96,4.92,4.93,67574,43882.085,1.0
2021-12-23,4.98,5.01,4.91,4.92,90438,58880.769,1.0
2021-12-24,4.9,4.9,4.83,4.83,84024,53755.079,1.0
2021-12-27,4.84,4.88,4.83,4.85,49472,31628.546,1.0
2021-12-28,4.85,4.87,4.82,4.87,53845,34400.452,1.0
2021-12-29,4.87,4.92,4.83,4.89,78720,50575.659,1.0
2021-12-30,4.89,4.91,4.87,4.88,60559,38973.009,1.0
2021-12-31,4.87,4.94,4.87,4.9,83577,53956.903,1.0
2022-01-04,4.9,5.01,4.89,4.98,151917,99321.24,1.0
2022-01-05,4.97,5.02,4.93,4.98,80806,52811.222,1.0
2022-01-06,5.0,5.12,4.99,5.08,200038,133408.914,1.0
2022-01-07,5.05,5.12,5.01,5.02,155703,103568.364,1.0
2022-01-10,5.02,5.1,5.02,5.08,117425,78351.821,1.0
2022-01-11,5.08,5.15,5.05,5.07,108537,72559.876,1.0
2022-01-12,5.05,5.08,5.0,5.07,95681,63459.391,1.0
2022-01-13,5.07,5.12,5.03,5.05,115037,76879.405,1.0
2022-01-14,5.03,5.11,4.94,4.97,125831,82948.452,1.0
2022-01-17,4.97,5.0,4.92,4.95,76873,50054.43,1.0
2022-01-18,4.94,5.02,4.92,4.95,84871,55413.494,1.0
2022-01-19,4.94,5.12,4.92,5.05,155555,103373.417,1.0
2022-01-20,5.05,5.08,4.98,5.0,92919,61390.269,1.0
2022-01-21,5.05,5.05,4.93,4.95,81895,53544.252,1.0
2022-01-24,4.95,4.98,4.86,4.91,75842,48928.758,1.0
2022-01-25,4.9,4.9,4.72,4.72,135193,85206.521,1.0
2022-01-26,4.72,4.76,4.69,4.72,63313,39396.547,1.0
2022-01-27,4.71,4.72,4.6,4.63,91562,56201.382,1.0
2022-01-28,4.67,4.68,4.61,4.65,50775,31126.263,1.0
2022-02-07,4.67,4.88,4.67,4.82,115232,72670.815,1.0
2022-02-08,4.85,4.98,4.8,4.97,180924,116988.696,1.0
2022-02-09,4.95,5.03,4.95,5.02,136917,90180.325,1.0
2022-02-10,5.05,5.08,4.98,5.05,117205,77564.753,1.0
2022-02-11,5.03,5.08,4.98,4.98,128493,84884.103,1.0
2022-02-14,4.97,5.02,4.93,4.96,92853,60848.76,1.0
2022-02-15,4.98,5.04,4.94,4.99,81231,53386.209,1.0
2022-02-16,5.01,5.09,5.0,5.08,107392,71513.262,1.0
2022-02-17,5.07,5.13,5.0,5.03,93580,62131.099,1.0
2022-02-18,5.02,5.13,4.99,5.12,160957,107848.158,1.0
2022-02-21,5.08,5.12,5.05,5.12,107666,72005.44,1.0
2022-02-22,5.06,5.24,5.02,5.05,163918,109714.152,1.0
2022-02-23,5.08,5.08,4.98,5.01,97964,64592.75,1.0
2022-02-24,5.0,5.02,4.75,4.82,182872,117370.739,1.0
2022-02-25,4.85,4.91,4.81,4.82,100515,64250.828,1.0
2022-02-28,4.82,4.85,4.76,4.81,77767,49065.689,1.0
2022-03-01,4.82,5.12,4.82,4.92,156736,102062.252,1.0
2022-03-02,4.91,5.12,4.88,5.02,209755,139058.139,1.0
2022-03-03,5.07,5.09,5.02,5.08,172779,115187.268,1.0
2022-03-04,5.07,5.08,4.96,4.98,129598,85307.585,1.0
2022-03-07,4.98,5.02,4.94,4.95,89494,58563.475,1.0
2022-03-08,4.91,4.98,4.85,4.85,114386,73731.919,1.0
2022-03-09,4.85,4.9,4.58,4.78,142073,89202.201,1.0
2022-03-10,4.85,4.94,4.78,4.83,128250,81880.745,1.0
2022-03-11,4.78,4.85,4.67,4.83,116343,72627.458,1.0
2022-03-14,4.83,4.85,4.65,4.67,105473,65813.148,1.0
2022-03-15,4.67,4.67,4.32,4.35,193447,114366.641,1.0
2022-03-16,4.41,4.48,4.23,4.47,128595,74117.845,1.0
2022-03-17,4.52,4.54,4.48,4.48,102547,60848.166,1.0
2022-03-18,4.46,4.58,4.43,4.56,73928,44201.837,1.0
2022-03-21,4.6,4.61,4.52,4.56,76770,46066.278,1.0
2022-03-22,4.54,4.59,4.52,4.57,59497,35702.116,1.0
2022-03-23,4.58,4.58,4.51,4.55,58023,34717.336,1.0
2022-03-24,4.52,4.52,4.47,4.47,58660,34722.562,1.0
2022-03-25,4.48,4.53,4.45,4.47,54070,31952.716,1.0
2022-03-28,4.42,4.55,4.38,4.52,65160,38366.237,1.0
2022-03-29,4.52,4.54,4.45,4.48,41271,24338.084,1.0
2022-03-30,4.48,4.63,4.48,4.61,113813,68611.547,1.0
2022-03-31,4.58,4.72,4.58,4.65,124166,76291.087,1.0
2022-04-01,4.66,4.66,4.58,4.62,79814,48594.131,1.0
2022-04-06,4.62,4.77,4.6,4.75,120854,74923.794,1.0
2022-04-07,4.75,5.22,4.72,5.05,571342,378702.832,1.0
2022-04-08,5.02,5.44,4.95,5.42,882787,610877.056,1.0
2022-04-11,5.44,5.44,5.08,5.15,498878,341782.848,1.0
2022-04-12,5.12,5.13,4.9,5.05,408009,269845.328,1.0
2022-04-13,5.03,5.05,4.76,4.78,332758,213047.613,1.0
2022-04-14,4.78,4.85,4.75,4.78,179260,113409.338,1.0
2022-04-15,4.77,4.88,4.7,4.7,182440,115182.033,1.0
2022-04-18,4.65,4.75,4.56,4.65,120001,73805.416,1.0
2022-04-19,4.64,4.81,4.63,4.78,134003,83510.808,1.0
2022-04-20,4.74,4.81,4.6,4.64,133778,82447.012,1.0
2022-04-21,4.6,4.7,4.42,4.45,182385,108708.458,1.0
2022-04-22,4.45,4.51,4.38,4.42,111156,65036.843,1.0
2022-04-25,4.37,4.38,4.06,4.07,189355,105648.662,1.0
2022-04-26,4.07,4.26,4.0,4.03,129451,70025.579,1.0
2022-04-27,4.09,4.22,4.04,4.2,158785,86574.542,1.0
2022-04-28,4.15,4.2,4.0,4.1,123741,66840.742,1.0
2022-04-29,4.12,4.24,4.08,4.19,142033,77844.253,1.0
2022-05-05,4.18,4.25,4.09,4.19,133610,73984.141,1.0
2022-05-06,4.11,4.11,4.05,4.08,85469,45990.859,1.0
2022-05-09,4.18,4.22,4.11,4.18,89796,49474.22,1.0
2022-05-10,4.14,4.35,4.12,4.35,168570,94697.914,1.0
2022-05-11,4.32,4.43,4.25,4.25,159110,90425.851,1.0
2022-05-12,4.23,4.29,4.18,4.24,93985,52454.708,1.0
2022-05-13,4.25,4.32,4.19,4.31,112320,63116.609,1.0
2022-05-16,4.34,4.34,4.26,4.29,87964,49819.745,1.0
2022-05-17,4.28,4.3,4.21,4.26,71869,40183.497,1.0
2022-05-18,4.28,4.29,4.23,4.25,59750,33621.17,1.0
2022-05-19,4.22,4.34,4.19,4.31,103878,58308.778,1.0
2022-05-20,4.31,4.38,4.27,4.37,123348,70321.006,1.0
2022-05-23,4.34,4.41,4.31,4.38,95885,55241.886,1.0
2022-05-24,4.41,4.41,4.15,4.16,139300,78366.35,1.0
2022-05-25,4.17,4.25,4.14,4.25,64966,36103.829,1.0
2022-05-26,4.28,4.34,4.25,4.32,88424,50216.279,1.0
2022-05-27,4.32,4.38,4.27,4.34,98721,56371.809,1.0
2022-05-30,4.38,4.42,4.34,4.39,111305,64355.985,1.0
2022-05-31,4.4,4.4,4.33,4.39,88552,51036.412,1.0
2022-06-01,4.4,4.44,4.32,4.37,104303,60178.268,1.0
2022-06-02,4.36,4.38,4.32,4.36,60600,34759.66,1.0
2022-06-06,4.36,4.39,4.33,4.37,87256,50195.481,1.0
2022-06-07,4.37,4.48,4.35,4.47,181629,105991.257,1.0
2022-06-08,4.46,4.62,4.45,4.58,173848,104194.784,1.0
2022-06-09,4.59,4.59,4.52,4.57,101053,60678.665,1.0
2022-06-10,4.56,4.66,4.49,4.6,130684,78744.084,1.0
2022-06-13,4.52,4.56,4.45,4.5,106715,63275.51,1.0
2022-06-14,4.45,4.5,4.37,4.49,80153,46785.519,1.0
2022-06-15,4.48,4.56,4.47,4.49,85964,51208.437,1.0
2022-06-16,4.48,4.52,4.44,4.45,61293,36092.326,1.0
2022-06-17,4.43,4.47,4.4,4.42,83695,48817.686,1.0
2022-06-20,4.41,4.47,4.4,4.45,59257,34713.865,1.0
2022-06-21,4.46,4.47,4.42,4.45,64838,38017.664,1.0
2022-06-22,4.46,4.46,4.35,4.35,109645,63456.131,1.0
2022-06-23,4.37,4.4,4.34,4.39,52789,30398.814,1.0
2022-06-24,4.4,4.41,4.37,4.4,65081,37613.908,1.0
2022-06-27,4.42,4.42,4.38,4.4,63276,36645.577,1.0
2022-06-28,4.39,4.46,4.38,4.44,74571,43575.067,1.0
2022-06-29,4.45,4.47,4.4,4.42,76784,44948.472,1.0
2022-06-30,4.42,4.48,4.41,4.44,68038,39876.221,1.0
2022-07-01,4.45,4.48,4.42,4.46,68473,40197.532,1.0
2022-07-04,4.46,4.47,4.42,4.46,65999,38632.092,1.0
2022-07-05,4.46,4.55,4.45,4.49,109222,64684.675,1.0
2022-07-06,4.48,4.51,4.36,4.38,95472,55336.273,1.0
2022-07-07,4.38,4.41,4.37,4.39,38931,22551.49,1.0
2022-07-08,4.39,4.44,4.38,4.4,40217,23335.095,1.0
2022-07-11,4.39,4.39,4.32,4.36,49268,28270.419,1.0
2022-07-12,4.37,4.46,4.35,4.43,86325,50245.505,1.0
2022-07-13,4.44,4.53,4.42,4.51,114917,68041.117,1.0
2022-07-14,4.54,4.55,4.43,4.45,77447,45506.387,1.0
2022-07-15,4.18,4.31,4.18,4.2,141594,77538.123,1.0
2022-07-18,4.16,4.27,4.16,4.23,78488,43164.815,1.0
2022-07-19,4.23,4.29,4.21,4.28,58661,32469.863,1.0
2022-07-20,4.29,4.32,4.28,4.31,43876,24545.491,1.0
2022-07-21,4.31,4.32,4.28,4.28,32450,18106.214,1.0
2022-07-22,4.28,4.31,4.25,4.28,43447,24148.822,1.0
2022-07-25,4.28,4.31,4.22,4.24,42994,23779.17,1.0
2022-07-26,4.25,4.28,4.21,4.28,35998,19869.172,1.0
2022-07-27,4.27,4.28,4.24,4.25,29792,16470.769,1.0
2022-07-28,4.26,4.31,4.25,4.28,40121,22337.046,1.0
2022-07-29,4.28,4.31,4.24,4.25,38811,21561.525,1.0
2022-08-01,4.26,4.26,4.22,4.24,46422,25526.734,1.0
2022-08-02,4.21,4.21,3.99,4.01,177734,94320.831,1.0
2022-08-03,4.02,4.08,3.98,3.99,78249,41044.578,1.0
2022-08-04,4.02,4.05,3.98,4.04,47599,24872.628,1.0
2022-08-05,4.05,4.13,4.02,4.12,52640,27870.052,1.0
2022-08-08,4.11,4.15,4.08,4.12,57645,30819.007,1.0
2022-08-09,4.11,4.12,4.04,4.12,80959,42934.351,1.0
2022-08-10,4.12,4.12,4.05,4.09,52236,27699.196,1.0
2022-08-11,4.12,4.16,4.09,4.16,63868,34416.161,1.0
2022-08-12,4.38,4.42,4.23,4.27,177733,99215.44,1.0
2022-08-15,4.25,4.32,4.21,4.23,99615,55015.581,1.0
2022-08-16,4.26,4.31,4.22,4.26,92096,50942.497,1.0
2022-08-17,4.28,4.28,4.23,4.25,55019,30381.489,1.0
2022-08-18,4.25,4.25,4.16,4.19,67286,36677.696,1.0
2022-08-19,4.18,4.22,4.15,4.15,39964,21714.262,1.0
2022-08-22,4.15,4.17,4.12,4.16,49407,26634.273,1.0
2022-08-23,4.15,4.15,4.11,4.12,59971,32138.549,1.0
2022-08-24,4.13,4.16,4.04,4.05,90037,47785.054,1.0
2022-08-25,4.05,4.07,4.02,4.05,72022,37864.358,1.0
2022-08-26,4.05,4.05,4.02,4.02,54059,28327.377,1.0
2022-08-29,3.98,4.01,3.93,4.01,61131,31608.849,1.0
2022-08-30,4.0,4.04,3.97,4.0,60486,31431.509,1.0
2022-08-31,4.01,4.02,3.95,3.97,61925,32018.09,1.0
2022-09-01,3.97,4.02,3.95,3.98,53405,27651.039,1.0
2022-09-02,3.98,4.01,3.96,4.0,47979,24835.081,1.0
2022-09-05,3.98,4.12,3.98,4.06,92672,48772.996,1.0
2022-09-06,4.1,4.1,4.05,4.06,48741,25771.019,1.0
2022-09-07,4.06,4.08,4.03,4.06,44165,23279.476,1.0
2022-09-08,4.07,4.1,4.04,4.07,46604,24621.796,1.0
2022-09-09,4.05,4.15,4.05,4.13,99842,53467.985,1.0
2022-09-13,4.14,4.16,4.1,4.12,56922,30553.625,1.0
2022-09-14,4.07,4.1,4.05,4.08,51764,27411.62,1.0
2022-09-15,4.1,4.12,4.01,4.06,59388,31391.146,1.0
2022-09-16,4.06,4.07,3.92,3.92,92586,47831.503,1.0
2022-09-19,3.9,3.92,3.84,3.86,67159,33741.114,1.0
2022-09-20,3.86,3.9,3.84,3.86,46885,23534.229,1.0
2022-09-21,3.85,3.86,3.76,3.85,68832,34088.155,1.0
2022-09-22,3.82,3.85,3.79,3.8,44972,22296.694,1.0
2022-09-23,3.79,3.82,3.76,3.77,43629,21481.611,1.0
2022-09-26,3.75,3.76,3.46,3.57,107798,51009.956,1.0
2022-09-27,3.57,3.66,3.55,3.66,55175,25963.591,1.0
2022-09-28,3.65,3.67,3.6,3.62,57562,27198.493,1.0
2022-09-29,3.64,3.67,3.56,3.56,44673,20981.11,1.0
2022-09-30,3.56,3.59,3.53,3.55,49208,22765.33,1.0
2022-10-10,3.55,3.61,3.47,3.48,57585,26592.451,1.0
2022-10-11,3.5,3.52,3.37,3.42,165510,73277.28,1.0
2022-10-12,3.42,3.52,3.38,3.52,74290,33188.327,1.0
2022-10-13,3.48,3.55,3.48,3.52,59832,27330.98,1.0
2022-10-14,3.53,3.6,3.53,3.57,73283,34073.444,1.0
2022-10-17,3.56,3.64,3.55,3.62,59456,27844.949,1.0
2022-10-18,3.63,3.65,3.61,3.64,47533,22398.058,1.0
2022-10-19,3.62,3.64,3.59,3.6,28013,13146.633,1.0
2022-10-20,3.58,3.62,3.55,3.58,34247,15939.163,1.0
2022-10-21,3.58,3.65,3.57,3.58,41934,19635.73,1.0
2022-10-24,3.6,3.68,3.49,3.52,57518,26770.76,1.0
2022-10-25,3.5,3.57,3.46,3.54,48504,22151.069,1.0
2022-10-26,3.56,3.62,3.55,3.59,42208,19705.319,1.0
2022-10-27,3.62,3.62,3.58,3.59,36219,16938.508,1.0
2022-10-28,3.62,3.62,3.41,3.42,59909,27126.12,1.0
2022-10-31,3.41,3.45,3.36,3.43,62974,27868.977,1.0
2022-11-01,3.41,3.51,3.41,3.51,52627,23743.026,1.0
2022-11-02,3.51,3.53,3.48,3.52,37384,17091.817,1.0
2022-11-03,3.5,3.51,3.46,3.48,43608,19705.977,1.0
2022-11-04,3.48,3.58,3.48,3.56,51101,23521.656,1.0
2022-11-07,3.54,3.63,3.54,3.62,60871,28499.252,1.0
2022-11-08,3.62,3.75,3.6,3.72,160132,76601.289,1.0
2022-11-09,3.72,3.74,3.66,3.72,87654,42176.923,1.0
2022-11-10,3.73,3.75,3.66,3.72,73786,35702.082,1.0
2022-11-11,3.76,3.79,3.72,3.73,107422,52444.76,1.0
2022-11-14,3.78,3.78,3.72,3.72,66350,32263.98,1.0
2022-11-15,3.72,3.75,3.67,3.72,62547,30268.787,1.0
2022-11-16,3.72,3.72,3.68,3.7,47333,22797.141,1.0
2022-11-17,3.68,3.72,3.67,3.7,33704,16202.865,1.0
2022-11-18,3.72,3.73,3.67,3.67,46951,22498.21,1.0
2022-11-21,3.65,3.68,3.63,3.64,42610,20176.523,1.0
2022-11-22,3.62,3.72,3.62,3.65,56779,26984.651,1.0
2022-11-23,3.65,3.72,3.64,3.7,91190,43582.358,1.0
2022-11-24,3.7,3.72,3.66,3.69,63582,30485.098,1.0
2022-11-25,3.71,3.72,3.68,3.7,48282,23252.366,1.0
2022-11-28,3.68,3.69,3.63,3.66,47200,22461.404,1.0
2022-11-29,3.72,3.77,3.68,3.76,88697,43061.301,1.0
2022-11-30,3.74,3.8,3.72,3.72,66523,32482.235,1.0
2022-12-01,3.73,3.78,3.71,3.72,61405,29791.339,1.0
2022-12-02,3.71,3.78,3.69,3.76,75307,36632.154,1.0
2022-12-05,3.78,3.87,3.77,3.83,108005,53552.335,1.0
2022-12-06,3.82,3.85,3.77,3.78,68070,33640.15,1.0
2022-12-07,3.76,3.79,3.74,3.76,63782,31188.325,1.0
2022-12-08,3.77,3.79,3.72,3.75,41986,20514.901,1.0
2022-12-09,3.77,3.81,3.73,3.74,89552,43779.739,1.0
2022-12-12,3.74,3.75,3.67,3.69,74169,35688.405,1.0
2022-12-13,3.67,3.72,3.67,3.71,79562,38238.547,1.0
2022-12-14,3.72,3.74,3.65,3.66,65214,31267.762,1.0
2022-12-15,3.65,3.69,3.64,3.64,43570,20710.112,1.0
2022-12-16,3.65,3.75,3.62,3.68,92564,44438.722,1.0
2022-12-19,3.7,3.73,3.57,3.59,85246,40179.466,1.0
2022-12-20,3.58,3.62,3.55,3.59,48040,22432.023,1.0
2022-12-21,3.59,3.63,3.56,3.6,48183,22511.741,1.0
2022-12-22,3.6,3.64,3.51,3.52,54544,25314.825,1.0
2022-12-23,3.49,3.55,3.48,3.5,35802,16321.921,1.0
2022-12-26,3.51,3.52,3.45,3.47,47697,21572.976,1.0
2022-12-27,3.49,3.53,3.48,3.52,40592,18491.63,1.0
2022-12-28,3.52,3.54,3.48,3.51,37673,17201.98,1.0
2022-12-29,3.48,3.52,3.44,3.44,52049,23410.161,1.0
2022-12-30,3.45,3.48,3.44,3.47,29256,13150.564,1.0
2023-01-03,3.47,3.55,3.46,3.54,53081,24237.121,1.0
2023-01-04,3.53,3.59,3.51,3.56,55507,25700.332,1.0
2023-01-05,3.58,3.58,3.55,3.55,40198,18585.958,1.0
2023-01-06,3.55,3.55,3.5,3.52,49862,22851.934,1.0
2023-01-09,3.52,3.53,3.5,3.5,35966,16421.666,1.0
2023-01-10,3.5,3.51,3.46,3.46,41608,18776.187,1.0
2023-01-11,3.47,3.48,3.43,3.43,52438,23543.714,1.0
2023-01-12,3.43,3.45,3.4,3.41,42175,18735.416,1.0
2023-01-13,3.42,3.47,3.41,3.45,42640,19035.157,1.0
2023-01-16,3.45,3.48,3.43,3.47,40769,18346.613,1.0
2023-01-17,3.48,3.59,3.47,3.54,110217,50531.612,1.0
2023-01-18,3.52,3.56,3.52,3.54,53350,24547.952,1.0
2023-01-19,3.55,3.58,3.54,3.55,53319,24683.329,1.0
2023-01-20,3.56,3.63,3.55,3.62,80015,37337.189,1.0
2023-01-30,3.65,3.68,3.63,3.65,75922,36032.448,1.0
2023-01-31,3.63,3.71,3.62,3.69,95652,45720.89,1.0
2023-02-01,3.7,3.75,3.69,3.74,72351,35007.645,1.0
2023-02-02,3.75,3.91,3.73,3.82,211279,105226.374,1.0
2023-02-03,3.84,3.84,3.75,3.78,92338,45364.161,1.0
2023-02-06,3.77,3.83,3.72,3.8,71162,35117.749,1.0
2023-02-07,3.81,3.84,3.8,3.83,60679,30119.693,1.0
2023-02-08,3.81,3.85,3.79,3.82,58860,29190.982,1.0
2023-02-09,3.82,3.84,3.8,3.82,58917,29232.402,1.0
2023-02-10,3.82,3.83,3.8,3.82,46034,22832.325,1.0
2023-02-13,3.84,3.88,3.78,3.88,100985,50467.656,1.0
2023-02-14,3.9,3.98,3.87,3.92,117485,59894.715,1.0
2023-02-15,3.92,3.94,3.84,3.86,110647,55773.027,1.0
2023-02-16,3.88,3.89,3.74,3.78,101876,50718.254,1.0
2023-02-17,3.76,3.85,3.75,3.78,66609,32960.198,1.0
2023-02-20,3.79,3.89,3.78,3.88,88697,44411.312,1.0
2023-02-21,3.88,3.9,3.85,3.9,60926,30772.423,1.0
2023-02-22,3.86,3.93,3.86,3.91,58935,29921.277,1.0
2023-02-23,3.94,3.94,3.88,3.9,55161,27989.499,1.0
2023-02-24,3.91,3.94,3.87,3.92,62489,31720.515,1.0
2023-02-27,3.92,3.92,3.86,3.87,47261,23892.87,1.0
2023-02-28,3.88,3.92,3.86,3.92,50524,25522.305,1.0
2023-03-01,3.89,3.98,3.89,3.95,64050,32850.104,1.0
2023-03-02,3.94,3.99,3.93,3.95,71302,36805.841,1.0
2023-03-03,3.96,4.15,3.96,4.12,259224,137446.352,1.0
2023-03-06,4.12,4.27,4.09,4.22,263404,143822.838,1.0
2023-03-07,4.21,4.27,4.15,4.22,193767,106054.257,1.0
2023-03-08,4.18,4.19,4.09,4.12,106044,56963.239,1.0
2023-03-09,4.13,4.14,4.07,4.1,69289,36884.404,1.0
2023-03-10,4.08,4.08,4.02,4.02,86754,45675.996,1.0
2023-03-13,3.98,4.07,3.97,4.02,78804,41071.141,1.0
2023-03-14,4.02,4.12,3.97,3.98,86298,45308.683,1.0
2023-03-15,4.0,4.16,3.97,4.15,122677,65218.696,1.0
2023-03-16,4.14,4.14,4.0,4.03,106661,56089.616,1.0
2023-03-17,4.05,4.1,4.02,4.05,69038,36372.303,1.0
2023-03-20,4.01,4.12,3.96,3.98,89633,46847.267,1.0
2023-03-21,3.98,4.02,3.91,3.94,77226,39656.649,1.0
2023-03-22,3.95,4.0,3.91,3.96,79622,40814.485,1.0
2023-03-23,3.96,3.98,3.91,3.95,71453,36597.657,1.0
2023-03-24,3.95,3.96,3.85,3.85,111880,56514.409,1.0
2023-03-27,3.85,3.85,3.78,3.82,80466,39823.471,1.0
2023-03-28,3.81,3.81,3.75,3.77,72670,35647.483,1.0
2023-03-29,3.77,3.78,3.71,3.72,61887,29974.141,1.0
2023-03-30,3.74,3.75,3.65,3.72,54424,26242.308,1.0
2023-03-31,3.72,3.76,3.71,3.73,55996,27134.684,1.0
2023-04-03,3.75,3.76,3.7,3.75,39922,19396.133,1.0
2023-04-04,3.76,3.86,3.72,3.85,119972,59195.801,1.0
2023-04-06,3.85,4.15,3.8,4.12,312358,164009.259,1.0
2023-04-07,4.09,4.12,4.01,4.01,139139,73282.273,1.0
2023-04-10,4.04,4.17,3.98,3.98,119194,62770.946,1.0
2023-04-11,3.98,4.22,3.96,4.22,280164,149942.914,1.0
2023-04-12,4.26,4.64,4.12,4.64,750711,440064.448,1.0
2023-04-13,5.0,5.1,4.89,5.1,453111,297773.404,1.0
2023-04-14,5.61,5.61,5.04,5.48,2303240,1630683.245,1.0
2023-04-17,5.42,5.82,5.37,5.52,1660470,1207920.278,1.0
2023-04-18,5.35,5.44,4.96,4.96,1317736,871612.068,1.0
2023-04-19,4.96,5.46,4.85,5.46,1132656,761574.782,1.0
2023-04-20,5.46,5.87,5.35,5.67,1678901,1214335.189,1.0
2023-04-21,5.46,6.14,5.38,5.78,1430990,1076722.792,1.0
2023-04-24,5.69,6.05,5.54,5.85,1053926,798683.647,1.0
2023-04-25,5.78,6.04,5.45,5.72,976472,730526.03,1.0
2023-04-26,5.75,5.83,5.19,5.32,968800,680023.09,1.0
2023-04-27,5.2,5.53,4.97,5.13,937688,629219.872,1.0
2023-04-28,4.98,5.32,4.98,5.24,518441,350696.821,1.0
2023-05-04,5.2,5.25,4.97,5.09,480240,318851.074,1.0
2023-05-05,5.14,5.15,4.85,4.95,409866,264903.272,1.0
2023-05-08,4.98,5.23,4.91,5.03,455159,298770.757,1.0
2023-05-09,4.99,5.28,4.85,4.93,634802,415802.971,1.0
2023-05-10,4.96,4.98,4.78,4.87,328933,208121.182,1.0
2023-05-11,4.85,4.87,4.76,4.78,219845,137330.195,1.0
2023-05-12,4.77,4.82,4.68,4.69,219821,135219.044,1.0
2023-05-15,4.73,4.75,4.53,4.65,287959,172777.356,1.0
2023-05-16,4.65,4.77,4.57,4.64,247534,150694.96,1.0
2023-05-17,4.64,4.73,4.59,4.72,141922,86225.972,1.0
2023-05-18,4.7,4.87,4.65,4.78,293400,181513.639,1.0
2023-05-19,4.78,4.79,4.57,4.62,249344,150149.722,1.0
2023-05-22,4.63,4.64,4.54,4.58,144052,85609.77,1.0
2023-05-23,4.58,4.87,4.55,4.7,515073,315855.425,1.0
2023-05-24,4.65,4.77,4.59,4.72,287507,175326.891,1.0
2023-05-25,4.69,4.84,4.6,4.77,375029,229252.434,1.0
2023-05-26,4.75,4.78,4.39,4.6,472102,278892.157,1.0
2023-05-29,4.61,4.62,4.43,4.44,285156,167017.304,1.0
2023-05-30,4.45,4.56,4.38,4.45,171251,99584.537,1.0
2023-05-31,4.52,4.9,4.52,4.55,632030,384787.815,1.0
2023-06-01,4.52,4.56,4.41,4.47,338324,197226.637,1.0
2023-06-02,4.45,4.58,4.45,4.52,229506,134741.288,1.0
2023-06-05,4.52,4.62,4.51,4.56,181462,107593.28,1.0
2023-06-06,4.58,4.78,4.51,4.59,375228,226869.42,1.0
2023-06-07,4.58,4.75,4.56,4.72,317737,193855.637,1.0
2023-06-08,4.69,4.74,4.6,4.71,245596,149310.518,1.0
2023-06-09,4.69,4.92,4.68,4.75,447782,279893.545,1.0
2023-06-12,4.75,4.76,4.59,4.65,324745,196371.989,1.0
2023-06-13,4.67,4.68,4.52,4.56,261979,155952.828,1.0
2023-06-14,4.55,4.81,4.52,4.7,409330,249437.392,1.0
2023-06-15,4.67,4.81,4.62,4.68,208192,126531.304,1.0
2023-06-16,4.71,5.15,4.71,5.0,1107174,718850.404,1.0
2023-06-19,5.03,5.17,4.92,5.06,797786,522215.184,1.0
2023-06-20,5.05,5.06,4.77,4.79,525305,331655.464,1.0
2023-06-21,4.81,5.22,4.73,5.02,598330,389137.364,1.0
2023-06-26,5.0,5.09,4.87,4.93,393012,253860.561,1.0
2023-06-27,4.88,5.37,4.88,5.23,650636,438865.733,1.0
2023-06-28,5.18,5.38,5.12,5.26,517545,353051.376,1.0
2023-06-29,5.21,5.36,5.12,5.14,404367,273181.687,1.0
2023-06-30,5.15,5.35,5.12,5.18,412043,280005.797,1.0
2023-07-03,5.12,5.52,5.08,5.46,654220,453509.267,1.0
2023-07-04,5.45,5.5,5.3,5.45,382226,267493.467,1.0
2023-07-05,5.42,5.54,5.27,5.28,297269,207432.594,1.0
2023-07-06,5.28,5.33,5.21,5.23,190850,130281.157,1.0
2023-07-07,5.32,5.32,5.07,5.09,225165,150723.62,1.0
2023-07-10,5.15,5.18,5.03,5.06,191209,126383.575,1.0
2023-07-11,5.06,5.18,4.97,5.02,209846,137889.133,1.0
2023-07-12,5.01,5.02,4.85,4.86,235386,150149.274,1.0
2023-07-13,4.88,4.91,4.85,4.88,115326,73072.618,1.0
2023-07-14,4.85,5.05,4.82,5.0,216130,139124.009,1.0
2023-07-17,4.89,5.01,4.66,5.0,217605,137798.471,1.0
2023-07-18,4.98,5.02,4.82,4.85,212616,135317.336,1.0
2023-07-19,4.82,4.89,4.79,4.88,98994,62533.674,1.0
2023-07-20,4.93,5.04,4.78,4.8,133821,84749.462,1.0
2023-07-21,4.77,4.85,4.75,4.79,73445,45700.695,1.0
2023-07-24,4.81,4.93,4.77,4.88,132632,83924.592,1.0
2023-07-25,4.95,5.0,4.88,4.94,136196,87614.637,1.0
2023-07-26,4.95,4.96,4.85,4.85,123647,78646.778,1.0
2023-07-27,4.86,4.89,4.78,4.8,112667,70753.449,1.0
2023-07-28,4.79,4.85,4.74,4.83,116754,72625.82,1.0
2023-07-31,4.84,5.0,4.83,5.0,234913,150858.846,1.0
2023-08-01,4.99,5.08,4.93,5.03,203591,133023.842,1.0
2023-08-02,5.02,5.04,4.94,4.96,119929,77647.026,1.0
2023-08-03,4.94,4.99,4.86,4.96,145701,93379.574,1.0
2023-08-04,4.95,5.0,4.92,4.98,123119,79487.184,1.0
2023-08-07,4.94,4.97,4.89,4.92,115519,73815.558,1.0
2023-08-08,4.93,4.94,4.78,4.81,170144,81952.931,1.0
2023-08-09,4.82,4.89,4.78,4.8,143375,69234.74,1.0
2023-08-10,4.78,4.82,4.66,4.73,168067,79334.687,1.0
2023-08-11,4.71,4.73,4.59,4.6,151120,70298.881,1.0
2023-08-14,4.56,4.81,4.51,4.73,204747,95245.8,1.0
2023-08-15,4.72,4.76,4.65,4.71,108874,51134.728,1.0
2023-08-16,4.71,4.72,4.57,4.59,122883,57041.252,1.0
2023-08-17,4.57,4.65,4.51,4.63,145502,66709.045,1.0
2023-08-18,4.63,4.66,4.46,4.47,144405,65870.033,1.0
2023-08-21,4.46,4.54,4.39,4.41,201632,89710.039,1.0
2023-08-22,4.43,4.52,4.34,4.49,245012,108340.248,1.0
2023-08-23,4.46,4.5,4.29,4.31,174020,76060.052,1.0
2023-08-24,4.31,4.37,4.19,4.21,212378,90203.695,1.0
2023-08-25,4.22,4.27,4.11,4.13,154184,64459.745,1.0
2023-08-28,4.35,4.37,4.13,4.16,260979,110267.269,1.0
2023-08-29,4.17,4.36,4.15,4.32,228326,97503.577,1.0
2023-08-30,4.34,4.34,4.21,4.23,202729,86353.572,1.0
2023-08-31,4.23,4.3,4.18,4.2,158727,67262.823,1.0
2023-09-01,4.21,4.34,4.19,4.26,148532,63427.807,1.0
2023-09-04,4.26,4.37,4.24,4.35,170727,73847.343,1.0
2023-09-05,4.35,4.35,4.19,4.23,210861,89190.326,1.0
2023-09-06,4.2,4.25,4.19,4.24,91007,38366.536,1.0
2023-09-07,4.21,4.25,4.13,4.15,126773,53013.65,1.0
2023-09-08,4.17,4.25,4.11,4.21,127162,52927.574,1.0
2023-09-11,4.17,4.63,4.14,4.48,751353,335189.257,1.0
2023-09-12,4.38,4.5,4.33,4.42,372591,164227.123,1.0
2023-09-13,4.46,4.77,4.42,4.68,848216,391884.736,1.0
2023-09-14,4.62,4.69,4.55,4.6,469431,216008.192,1.0
2023-09-15,4.6,4.85,4.56,4.73,623268,293739.309,1.0
2023-09-18,4.67,4.68,4.53,4.64,371083,170625.757,1.0
2023-09-19,4.6,5.1,4.58,4.96,1314774,649332.176,1.0
2023-09-20,4.91,5.18,4.85,4.99,1077319,542306.749,1.0
2023-09-21,5.0,5.12,4.88,4.92,618606,306403.321,1.0
2023-09-22,4.97,4.97,4.71,4.82,672000,322198.37,1.0
2023-09-25,4.8,4.95,4.75,4.86,456275,221404.566,1.0
2023-09-26,4.82,5.07,4.78,4.97,588519,290676.011,1.0
2023-09-27,4.9,5.09,4.84,5.0,436220,217177.579,1.0
2023-09-28,4.98,5.25,4.95,5.15,608605,312132.062,1.0
2023-10-09,5.09,5.13,4.97,5.08,488166,246619.64,1.0
2023-10-10,5.08,5.12,4.72,4.85,550195,268551.821,1.0
2023-10-11,5.11,5.34,4.98,5.2,1071765,558541.603,1.0
2023-10-12,5.11,5.17,4.98,5.07,523977,265369.509,1.0
2023-10-13,5.0,5.3,5.0,5.2,534034,277405.767,1.0
2023-10-16,5.17,5.63,5.17,5.46,808582,441924.166,1.0
2023-10-17,5.4,5.59,5.39,5.44,654966,359506.92,1.0
2023-10-18,5.42,5.58,5.3,5.43,465659,252730.328,1.0
2023-10-19,5.38,5.39,5.12,5.15,503843,263054.487,1.0
2023-10-20,5.06,5.39,5.01,5.16,452543,234763.432,1.0
2023-10-23,5.11,5.17,4.81,4.88,443590,218575.895,1.0
2023-10-24,4.95,5.37,4.91,5.26,751997,393518.994,1.0
2023-10-25,5.41,5.63,5.24,5.47,1003903,548528.293,1.0
2023-10-26,5.38,5.73,5.16,5.72,854678,461716.413,1.0
2023-10-27,5.61,6.29,5.52,6.11,2002325,1222751.21,1.0
2023-10-30,5.88,6.13,5.79,6.0,960906,574999.283,1.0
2023-10-31,6.0,6.21,5.93,5.97,761444,462170.025,1.0
2023-11-01,5.91,6.0,5.7,5.78,628242,365580.975,1.0
2023-11-02,5.76,5.76,5.49,5.53,593375,332727.451,1.0
2023-11-03,5.53,5.56,5.23,5.29,806287,432644.284,1.0
2023-11-06,5.33,5.34,5.05,5.2,930681,480883.643,1.0
2023-11-07,5.22,5.51,5.16,5.46,938544,506637.355,1.0
2023-11-08,5.39,5.5,5.33,5.42,605818,327773.773,1.0
2023-11-09,5.42,5.51,5.27,5.35,539428,290285.325,1.0
2023-11-10,5.39,5.42,5.27,5.35,367646,196257.932,1.0
2023-11-13,5.34,5.89,5.3,5.89,1324808,757329.003,1.0
2023-11-14,6.0,6.15,5.86,6.07,1205966,723772.567,1.0
2023-11-15,6.1,6.11,5.84,5.96,858215,510357.902,1.0
2023-11-16,5.97,5.97,5.8,5.86,513834,302310.888,1.0
2023-11-17,5.84,5.93,5.81,5.86,441512,258515.442,1.0
2023-11-20,5.89,5.9,5.72,5.88,349220,204007.046,1.0
2023-11-21,5.83,6.05,5.81,5.83,467620,276302.759,1.0
2023-11-22,5.8,5.86,5.55,5.6,610596,346757.494,1.0
2023-11-23,5.59,5.67,5.56,5.64,321469,180775.564,1.0
2023-11-24,5.63,5.7,5.49,5.5,311286,172538.536,1.0
2023-11-27,5.51,5.59,5.45,5.52,235040,129497.414,1.0
2023-11-28,5.54,5.65,5.44,5.6,269664,150142.799,1.0
2023-11-29,5.61,5.89,5.55,5.55,789659,451596.245,1.0
2023-11-30,5.56,5.68,5.42,5.44,442005,244093.356,1.0
2023-12-01,5.48,5.51,5.36,5.45,529338,287482.915,1.0
2023-12-04,5.48,5.5,5.24,5.47,571795,308042.694,1.0
2023-12-05,5.48,5.48,5.27,5.27,447153,238267.171,1.0
2023-12-06,5.27,5.36,5.21,5.3,266145,140740.982,1.0
2023-12-07,5.29,5.29,5.17,5.19,378849,197749.792,1.0
2023-12-08,5.19,5.24,5.07,5.08,383564,197528.973,1.0
2023-12-11,5.11,5.2,5.01,5.18,345626,176895.746,1.0
2023-12-12,5.17,5.23,5.14,5.2,307391,159447.318,1.0
2023-12-13,5.17,5.22,5.1,5.12,319328,164562.993,1.0
2023-12-14,5.14,5.23,5.11,5.17,246937,127726.055,1.0
2023-12-15,5.12,5.19,5.04,5.06,297935,151548.907,1.0
2023-12-18,5.07,5.12,4.99,5.03,321204,162066.521,1.0
2023-12-19,5.0,5.06,4.96,5.0,154105,77040.569,1.0
2023-12-20,4.98,5.02,4.83,4.84,261874,128333.239,1.0
2023-12-21,4.83,4.87,4.76,4.79,241797,116328.929,1.0
2023-12-22,4.81,4.82,4.73,4.74,175396,83780.584,1.0
2023-12-25,4.77,4.77,4.66,4.68,200095,94061.212,1.0
2023-12-26,4.7,4.78,4.65,4.65,257194,121067.278,1.0
2023-12-27,4.7,4.73,4.56,4.65,306362,141926.27,1.0
2023-12-28,4.66,4.77,4.62,4.74,213596,100545.793,1.0
2023-12-29,4.76,4.87,4.7,4.81,230454,110563.98,1.0
2024-01-02,4.8,4.97,4.78,4.87,277058,135153.721,1.0
2024-01-03,4.88,4.9,4.74,4.81,277925,133867.584,1.0
2024-01-04,4.81,4.82,4.7,4.71,172101,81563.763,1.0
2024-01-05,4.72,4.74,4.56,4.6,196897,91392.052,1.0
2024-01-08,4.58,4.61,4.51,4.53,159497,72759.722,1.0
2024-01-09,4.52,4.58,4.47,4.51,133850,60501.533,1.0
2024-01-10,4.49,4.52,4.4,4.44,113637,50681.333,1.0
2024-01-11,4.43,4.51,4.41,4.49,153381,68555.677,1.0
2024-01-12,4.49,4.53,4.4,4.41,199487,88927.468,1.0
2024-01-15,4.33,4.46,4.33,4.42,157599,69570.793,1.0
2024-01-16,4.44,4.44,4.25,4.34,253648,109926.99,1.0
2024-01-17,4.34,4.34,4.13,4.14,303161,127660.254,1.0
2024-01-18,4.15,4.16,3.97,4.1,322271,130447.3,1.0
2024-01-19,4.1,4.13,4.03,4.07,189803,77392.402,1.0
2024-01-22,4.05,4.09,3.73,3.76,359909,140217.846,1.0
2024-01-23,3.77,3.85,3.73,3.81,301381,114036.678,1.0
2024-01-24,3.81,3.9,3.68,3.89,327101,124271.537,1.0
2024-01-25,3.9,4.05,3.86,4.04,336923,133444.741,1.0
2024-01-26,4.05,4.34,4.0,4.16,835539,350886.056,1.0
2024-01-29,4.14,4.27,4.04,4.07,539619,223450.965,1.0
2024-01-30,4.02,4.09,3.89,3.9,413685,164788.472,1.0
2024-01-31,3.91,4.0,3.75,3.76,358911,139185.689,1.0
2024-02-01,3.75,3.8,3.59,3.64,387228,142396.315,1.0
2024-02-02,3.64,3.68,3.28,3.37,594876,205928.539,1.0
2024-02-05,3.36,3.37,3.03,3.03,477362,146751.9,1.0
2024-02-06,2.94,3.02,2.73,2.89,752332,211650.521,1.0
2024-02-07,2.94,2.97,2.65,2.75,634114,180618.534,1.0
2024-02-08,2.75,3.03,2.74,3.03,640911,185714.635,1.0
2024-02-19,3.1,3.23,3.04,3.16,639420,200250.22,1.0
2024-02-20,3.16,3.28,3.1,3.22,402457,128331.257,1.0
2024-02-21,3.19,3.49,3.17,3.36,463129,156584.497,1.0
2024-02-22,3.32,3.57,3.3,3.48,403166,138803.824,1.0
2024-02-23,3.51,3.62,3.48,3.6,354723,126013.294,1.0
2024-02-26,3.59,3.65,3.53,3.56,288376,103145.578,1.0
2024-02-27,3.55,3.81,3.51,3.81,451204,166611.134,1.0
2024-02-28,3.83,4.01,3.53,3.57,646099,246935.114,1.0
2024-02-29,3.56,3.69,3.5,3.67,392237,141732.755,1.0
2024-03-01,3.69,4.04,3.69,4.04,691470,270101.47,1.0
2024-03-04,4.05,4.15,3.88,3.95,746862,296648.223,1.0
2024-03-05,3.95,4.11,3.9,3.91,522750,208800.138,1.0
2024-03-06,3.86,3.98,3.74,3.88,528883,203291.092,1.0
2024-03-07,3.88,4.07,3.82,3.92,542943,213758.78,1.0
2024-03-08,3.93,4.1,3.87,4.0,673562,269736.633,1.0
2024-03-11,3.99,3.99,3.88,3.93,438742,172274.282,1.0
2024-03-12,3.92,3.97,3.85,3.89,332833,129715.18,1.0
2024-03-13,3.88,3.92,3.8,3.85,314433,120879.993,1.0
2024-03-14,3.86,3.91,3.8,3.86,283151,109366.348,1.0
2024-03-15,3.84,3.93,3.81,3.92,258875,100225.88,1.0
2024-03-18,3.92,4.0,3.92,3.98,308820,122504.486,1.0
2024-03-19,3.98,4.13,3.95,4.03,439515,178111.544,1.0
2024-03-20,4.03,4.31,3.97,4.24,712465,296470.014,1.0
2024-03-21,4.25,4.31,4.1,4.2,492809,206304.241,1.0
2024-03-22,4.19,4.19,4.08,4.11,259403,106997.426,1.0
2024-03-25,4.11,4.17,4.01,4.05,270030,110899.715,1.0
2024-03-26,4.01,4.05,3.87,3.96,298276,117964.597,1.0
2024-03-27,3.95,3.97,3.72,3.74,304052,116553.758,1.0
2024-03-28,3.74,3.88,3.72,3.85,313210,120214.264,1.0
2024-03-29,3.88,3.88,3.8,3.85,150433,57611.344,1.0
2024-04-01,3.87,4.15,3.85,4.09,445062,178564.62,1.0
2024-04-02,4.09,4.11,4.0,4.02,222850,89863.425,1.0
2024-04-03,4.03,4.24,3.98,4.14,527598,217106.46,1.0
2024-04-08,4.08,4.2,3.98,4.09,482795,197696.472,1.0
2024-04-09,4.01,4.05,3.89,3.94,445320,175976.434,1.0
2024-04-10,3.95,3.95,3.75,3.81,309197,118197.938,1.0
2024-04-11,3.77,3.9,3.73,3.83,187963,71841.76,1.0
2024-04-12,3.81,3.84,3.73,3.74,204761,77278.819,1.0
2024-04-15,3.72,3.77,3.37,3.51,447822,158001.618,1.0
2024-04-16,3.49,3.49,3.16,3.17,380164,123567.818,1.0
2024-04-17,3.19,3.47,3.19,3.45,349024,118104.346,1.0
2024-04-18,3.49,3.5,3.33,3.42,228496,78194.306,1.0
2024-04-19,3.45,3.48,3.3,3.36,184507,62369.835,1.0
2024-04-22,3.37,3.38,3.23,3.28,153414,50561.702,1.0
2024-04-23,3.3,3.36,3.29,3.32,129960,43201.357,1.0
2024-04-24,3.4,3.51,3.37,3.45,255439,87965.162,1.0
2024-04-25,3.43,3.5,3.4,3.43,194784,67092.884,1.0
2024-04-26,3.42,3.54,3.35,3.46,272906,93836.714,1.0
2024-04-29,3.44,3.62,3.42,3.58,356608,126591.944,1.0
2024-04-30,3.6,3.94,3.58,3.94,1108772,430792.45,1.0
2024-05-06,4.06,4.33,3.97,4.33,1347485,561453.442,1.0
2024-05-07,4.31,4.76,4.23,4.58,1852335,851111.324,1.0
2024-05-08,4.54,4.6,4.29,4.37,1006127,446142.515,1.0
2024-05-09,4.35,4.5,4.19,4.4,936447,406959.981,1.0
2024-05-10,4.46,4.56,4.38,4.4,612937,272978.232,1.0
2024-05-13,4.39,4.41,4.16,4.18,527124,223273.221,1.0
2024-05-14,4.19,4.58,4.18,4.49,951265,418467.009,1.0
2024-05-15,4.47,4.53,4.37,4.39,535553,237478.44,1.0
2024-05-16,4.32,4.57,4.31,4.5,660822,294285.242,1.0
2024-05-17,4.48,4.74,4.32,4.48,1033194,467792.352,1.0
2024-05-20,4.5,4.93,4.43,4.93,1125738,531882.239,1.0
2024-05-21,5.18,5.41,4.93,5.03,2154933,1114531.571,1.0
2024-05-22,5.03,5.32,4.87,4.9,1466602,744922.42,1.0
2024-05-23,4.74,4.87,4.6,4.65,1115126,524139.094,1.0
2024-05-24,4.67,5.08,4.6,4.86,1215085,587833.843,1.0
2024-05-27,4.76,4.93,4.56,4.69,852404,400725.119,1.0
2024-05-28,4.64,4.74,4.47,4.54,614974,281209.23,1.0
2024-05-29,4.51,4.63,4.5,4.56,389453,177922.366,1.0
2024-05-30,4.5,4.52,4.29,4.31,637311,278678.793,1.0
2024-05-31,4.32,4.51,4.28,4.42,484163,212130.47,1.0
2024-06-03,4.37,4.38,4.17,4.24,398478,168791.823,1.0
2024-06-04,4.24,4.25,4.0,4.15,390066,160416.855,1.0
2024-06-05,4.11,4.13,4.02,4.03,261776,105987.107,1.0
2024-06-06,4.01,4.08,3.64,3.76,703873,268882.038,1.0
2024-06-07,3.76,3.91,3.74,3.86,383880,146528.703,1.0
2024-06-11,3.86,3.88,3.71,3.83,290760,110363.558,1.0
2024-06-12,3.83,4.04,3.79,3.91,359559,141461.875,1.0
2024-06-13,3.95,3.99,3.88,3.96,385179,151302.477,1.0
2024-06-14,3.96,4.01,3.91,3.91,234310,92418.012,1.0
2024-06-17,3.91,3.92,3.8,3.83,208088,79864.898,1.0
2024-06-18,3.83,3.94,3.83,3.94,250451,97720.266,1.0
2024-06-19,3.9,4.33,3.87,4.33,906847,381604.806,1.0
2024-06-20,4.27,4.38,4.16,4.17,638901,270665.033,1.0
2024-06-21,4.17,4.59,4.11,4.59,1104813,496547.159,1.0
2024-06-24,4.59,4.75,4.41,4.6,1204191,548128.376,1.0
2024-06-25,4.5,4.59,4.4,4.49,567825,253839.808,1.0
2024-06-26,4.4,4.49,4.25,4.46,457251,201410.103,1.0
2024-06-27,4.48,4.74,4.41,4.54,704456,321485.419,1.0
2024-06-28,4.44,4.65,4.36,4.46,644168,291393.323,1.0
2024-07-01,4.49,4.73,4.42,4.71,846204,392103.75,1.0
2024-07-02,4.65,4.67,4.58,4.63,456301,210750.82,1.0
2024-07-03,4.63,4.73,4.53,4.71,469890,218150.684,1.0
2024-07-04,4.7,4.88,4.55,4.55,497085,232607.986,1.0
2024-07-05,4.51,4.52,4.3,4.4,503341,220775.26,1.0
2024-07-08,4.42,4.51,4.27,4.29,387161,170268.1,1.0
2024-07-09,4.29,4.31,4.08,4.23,473822,198578.337,1.0
2024-07-10,4.4,4.65,4.38,4.42,1050379,477300.396,1.0
2024-07-11,4.45,4.75,4.37,4.58,774804,349509.125,1.0
2024-07-12,4.58,4.66,4.52,4.57,421432,192961.794,1.0
2024-07-15,4.57,4.75,4.5,4.63,385498,178221.727,1.0
2024-07-16,4.63,4.71,4.55,4.63,319558,147493.162,1.0
2024-07-17,4.59,4.96,4.54,4.72,808002,382737.383,1.0
2024-07-18,4.71,4.78,4.3,4.43,756320,346582.862,1.0
2024-07-19,4.39,4.62,4.26,4.49,612633,268486.217,1.0
2024-07-22,4.43,4.7,4.39,4.63,591361,271053.491,1.0
2024-07-23,4.6,4.68,4.41,4.42,473667,215479.15,1.0
2024-07-24,4.44,4.45,4.22,4.26,390901,169533.925,1.0
2024-07-25,4.2,4.32,4.18,4.24,221874,94533.057,1.0
2024-07-26,4.25,4.34,4.22,4.32,190376,81676.683,1.0
2024-07-29,4.29,4.34,4.17,4.18,286517,121641.997,1.0
2024-07-30,4.19,4.32,4.12,4.24,314059,133538.535,1.0
2024-07-31,4.18,4.44,4.17,4.36,386711,167731.206,1.0
2024-08-01,4.34,4.43,4.33,4.33,254085,110757.762,1.0
2024-08-02,4.3,4.33,4.23,4.24,218403,93396.271,1.0
2024-08-05,4.21,4.28,4.09,4.09,336825,140944.211,1.0
2024-08-06,4.12,4.17,4.08,4.12,184229,75728.767,1.0
2024-08-07,4.11,4.53,4.1,4.52,1100941,489011.276,1.0
2024-08-08,4.41,4.75,4.35,4.62,1151635,528284.37,1.0
2024-08-09,4.56,4.83,4.54,4.65,868566,408088.938,1.0
2024-08-12,5.12,5.12,4.5,4.51,1109809,524413.0,1.0
2024-08-13,4.52,4.96,4.51,4.96,867327,414173.037,1.0
2024-08-14,5.46,5.46,5.46,5.46,303186,165539.452,1.0
2024-08-15,5.6,6.01,5.58,6.01,4399030,2583529.528,1.0
2024-08-16,6.01,6.58,5.7,6.01,3717371,2285929.035,1.0
2024-08-19,5.99,6.09,5.52,5.76,2763398,1600838.54,1.0
2024-08-20,6.0,6.34,5.89,6.17,3844013,2373710.385,1.0
2024-08-21,5.92,6.76,5.92,6.54,3049861,1942936.646,1.0
2024-08-22,6.35,6.41,5.89,5.89,2622720,1598256.534,1.0
2024-08-23,5.86,6.48,5.32,6.33,3113795,1815417.548,1.0
2024-08-26,6.2,6.68,6.05,6.18,2910390,1848912.076,1.0
2024-08-27,5.76,6.18,5.7,5.77,2145416,1269095.883,1.0
2024-08-28,5.77,5.78,5.42,5.49,1716061,953908.921,1.0
2024-08-29,5.47,5.64,5.27,5.51,1602636,877336.268,1.0
2024-08-30,5.5,5.84,5.36,5.67,1817855,1025417.901,1.0
2024-09-02,5.57,5.77,5.38,5.38,1283708,709490.347,1.0
2024-09-03,5.29,5.38,5.12,5.2,1204461,625731.317,1.0
2024-09-04,5.18,5.3,5.14,5.2,863594,449674.347,1.0
2024-09-05,5.18,5.21,5.05,5.13,817454,419465.438,1.0
2024-09-06,5.09,5.6,5.09,5.31,1722822,922404.007,1.0
2024-09-09,5.21,5.39,5.16,5.21,943127,495328.473,1.0
2024-09-10,5.22,5.25,4.97,5.12,1005617,509595.304,1.0
2024-09-11,5.07,5.13,5.04,5.08,427111,216855.535,1.0
2024-09-12,5.06,5.18,5.06,5.06,482970,246493.684,1.0
2024-09-13,5.03,5.3,5.03,5.06,873129,450612.262,1.0
2024-09-18,5.02,5.22,4.97,5.12,635844,323682.972,1.0
2024-09-19,5.11,5.6,5.09,5.44,1541315,829490.466,1.0
2024-09-20,5.42,5.5,5.33,5.34,1037897,561947.099,1.0
2024-09-23,5.29,5.39,5.22,5.31,592477,313964.705,1.0
2024-09-24,5.3,5.54,5.29,5.54,1222813,663371.663,1.0
2024-09-25,5.55,5.73,5.42,5.46,1372359,763898.172,1.0
2024-09-26,5.36,5.58,5.31,5.58,1109762,607399.788,1.0
2024-09-27,5.65,5.86,5.65,5.78,817382,470122.082,1.0
2024-09-30,6.11,6.26,5.79,6.22,1876113,1138984.686,1.0
2024-10-08,6.82,6.82,6.13,6.55,2229166,1443117.808,1.0
2024-10-09,6.33,6.37,5.9,5.9,1183787,712137.933,1.0
2024-10-10,5.9,6.32,5.49,6.04,1802406,1074577.729,1.0
2024-10-11,6.0,6.05,5.73,5.96,1122906,660421.38,1.0
2024-10-14,5.89,6.56,5.89,6.56,2093396,1324703.907,1.0
2024-10-15,6.42,7.22,6.3,6.72,3409349,2311403.587,1.0
2024-10-16,6.71,7.39,6.66,7.22,3585719,2571523.373,1.0
2024-10-17,7.02,7.02,6.7,6.73,2552736,1748840.004,1.0
2024-10-18,6.58,6.81,6.41,6.66,1890885,1239785.821,1.0
2024-10-21,6.55,6.77,6.51,6.67,1326516,880925.885,1.0
2024-10-22,6.65,6.82,6.55,6.64,1116358,745281.851,1.0
2024-10-23,6.61,6.96,6.56,6.69,1568057,1070126.074,1.0
2024-10-24,6.56,6.56,6.21,6.26,1259773,796068.257,1.0
2024-10-25,6.27,6.43,6.27,6.37,808379,512388.515,1.0
2024-10-28,6.35,6.63,6.35,6.54,1018983,664231.199,1.0
2024-10-29,6.53,6.8,6.36,6.37,1195548,785374.965,1.0
2024-10-30,6.3,6.53,6.26,6.49,859721,553458.139,1.0
2024-10-31,6.49,6.6,6.39,6.48,976748,635223.409,1.0
2024-11-01,6.48,6.87,6.28,6.71,1811551,1208946.702,1.0
2024-11-04,6.72,7.36,6.6,7.14,1916526,1345920.01,1.0
2024-11-05,7.09,7.62,6.97,7.3,1863826,1341494.579,1.0
2024-11-06,7.26,7.56,7.21,7.42,1493383,1100846.343,1.0
2024-11-07,7.38,8.16,7.35,8.16,2073196,1638329.674,1.0
2024-11-08,8.2,8.46,7.79,7.92,2132187,1713665.041,1.0
2024-11-11,7.73,7.83,7.43,7.62,1395190,1056355.19,1.0
2024-11-12,7.62,7.84,7.51,7.6,958817,734852.003,1.0
2024-11-13,7.56,7.68,7.3,7.6,711283,533599.264,1.0
2024-11-14,7.56,7.85,7.46,7.62,1003671,768710.6,1.0
2024-11-15,7.55,8.04,7.48,7.8,1396889,1098585.83,1.0
2024-11-18,7.79,7.88,7.08,7.16,1179103,866678.328,1.0
2024-11-19,7.11,7.29,6.99,7.27,703577,502000.619,1.0
2024-11-20,7.23,7.56,7.18,7.42,661184,489963.174,1.0
2024-11-21,7.36,7.55,7.33,7.47,562357,417190.745,1.0
2024-11-22,7.46,7.8,7.27,7.27,824890,622592.156,1.0
2024-11-25,7.27,7.43,6.99,7.29,704697,507890.936,1.0
2024-11-26,7.31,7.48,7.17,7.23,591560,432698.08,1.0
2024-11-27,7.18,7.28,6.96,7.25,621337,443155.16,1.0
2024-11-28,7.19,7.76,7.19,7.55,1009342,760762.263,1.0
2024-11-29,7.51,7.87,7.48,7.74,806785,620039.118,1.0
2024-12-02,7.7,7.73,7.41,7.66,937589,706638.88,1.0
2024-12-03,7.68,7.74,7.51,7.61,513257,391440.072,1.0
2024-12-04,7.56,7.82,7.43,7.46,553266,420460.65,1.0
2024-12-05,7.46,7.78,7.4,7.75,698372,529843.776,1.0
2024-12-06,7.7,8.12,7.7,7.95,1128553,897284.333,1.0
2024-12-09,7.87,8.25,7.83,8.21,1080105,873195.646,1.0
2024-12-10,8.39,8.59,8.05,8.09,1437832,1191974.352,1.0
2024-12-11,8.03,8.35,7.95,8.35,901330,736619.307,1.0
2024-12-12,8.35,8.72,8.31,8.43,928628,788707.252,1.0
2024-12-13,8.31,8.38,8.06,8.07,802938,656439.256,1.0
2024-12-16,8.08,8.14,7.89,7.96,531433,423220.333,1.0
2024-12-17,7.91,8.09,7.74,7.83,551108,436149.483,1.0
2024-12-18,7.78,8.05,7.74,7.98,514668,408254.068,1.0
2024-12-19,7.9,8.35,7.82,8.23,846854,693620.649,1.0
2024-12-20,8.19,8.36,8.13,8.18,672169,554674.0,1.0
2024-12-23,8.2,8.58,8.12,8.34,1141001,955543.784,1.0
2024-12-24,8.27,8.95,8.23,8.93,1638156,1423829.679,1.0
2024-12-25,8.9,8.9,8.04,8.04,1519918,1241199.882,1.0
2024-12-26,7.36,7.59,7.24,7.24,1403156,1031717.717,1.0
2024-12-27,7.13,7.3,6.87,6.96,1192538,843632.875,1.0
2024-12-30,7.06,7.06,6.7,6.74,711270,484272.32,1.0
2024-12-31,6.77,6.77,6.45,6.46,615072,403389.03,1.0
2025-01-02,6.46,6.67,6.4,6.47,639119,418089.361,1.0
2025-01-03,6.46,6.5,6.11,6.12,516012,322414.136,1.0
2025-01-06,6.14,6.17,5.8,5.88,490492,292771.457,1.0
2025-01-07,6.11,6.36,6.04,6.25,822024,507220.51,1.0
2025-01-08,6.22,6.55,6.16,6.37,958137,613831.546,1.0
2025-01-09,6.34,6.34,6.16,6.19,534310,333093.929,1.0
2025-01-10,6.22,6.25,5.98,5.98,438836,266313.409,1.0
2025-01-13,5.8,5.91,5.68,5.87,373642,216920.955,1.0
2025-01-14,5.92,6.07,5.87,6.07,501328,300765.301,1.0
2025-01-15,6.05,6.05,5.89,5.95,376568,224487.494,1.0
2025-01-16,5.95,6.12,5.95,6.05,412819,249749.039,1.0
2025-01-17,6.02,6.1,5.94,6.04,367440,221230.277,1.0
2025-01-20,6.04,6.24,5.92,6.13,492592,301025.503,1.0
2025-01-21,6.17,6.21,6.03,6.05,357065,217919.731,1.0
2025-01-22,6.05,6.13,5.98,6.06,301539,182408.715,1.0
2025-01-23,6.12,6.24,5.93,5.94,467778,285456.582,1.0
2025-01-24,5.94,6.01,5.9,5.97,243721,145404.885,1.0
2025-01-27,6.0,6.14,5.95,5.95,319363,192762.549,1.0
2025-02-05,5.95,6.12,5.89,6.1,428423,258784.001,1.0
2025-02-06,6.07,6.25,6.06,6.25,452902,279521.491,1.0
2025-02-07,6.26,6.33,6.15,6.22,495813,309960.596,1.0
2025-02-10,6.23,6.27,6.16,6.25,367412,228179.361,1.0
2025-02-11,6.26,6.26,6.07,6.11,382742,234075.81,1.0
2025-02-12,6.09,6.17,6.08,6.17,306097,187655.55,1.0
2025-02-13,6.15,6.27,6.14,6.2,485611,301731.723,1.0
2025-02-14,6.19,6.27,6.11,6.18,395127,243982.661,1.0
2025-02-17,6.18,6.19,6.08,6.15,437749,268398.975,1.0
2025-02-18,6.16,6.77,6.1,6.77,1589152,1052857.077,1.0
2025-02-19,6.79,6.99,6.65,6.82,1592706,1081719.546,1.0
2025-02-20,6.8,7.11,6.75,6.93,1079104,751513.997,1.0
2025-02-21,6.82,7.08,6.81,6.97,814182,564906.583,1.0
2025-02-24,7.01,7.34,6.97,7.29,979391,708243.377,1.0
2025-02-25,7.17,7.26,7.04,7.13,693623,493481.818,1.0
2025-02-26,7.12,7.15,7.0,7.12,564045,398334.854,1.0
2025-02-27,7.11,7.26,7.08,7.16,583898,418705.643,1.0
2025-02-28,7.1,7.2,7.03,7.05,578748,411574.673,1.0
2025-03-03,7.08,7.42,7.08,7.23,795411,579205.43,1.0
2025-03-04,7.16,7.4,7.06,7.38,621877,449264.783,1.0
2025-03-05,7.31,7.44,7.16,7.18,553827,401918.742,1.0
2025-03-06,7.16,7.22,7.05,7.15,513649,366486.052,1.0
2025-03-07,7.13,7.31,7.08,7.08,431900,309418.302,1.0
2025-03-10,7.08,7.14,6.81,7.1,450958,317466.152,1.0
2025-03-11,7.0,7.27,6.96,7.21,550138,392206.621,1.0
2025-03-12,7.23,7.39,7.2,7.2,584316,425930.788,1.0
2025-03-13,7.14,7.19,6.98,7.02,466879,329066.094,1.0
2025-03-14,7.05,7.14,6.98,7.08,355331,251230.445,1.0
2025-03-17,7.1,7.12,6.96,6.97,383224,269334.459,1.0
2025-03-18,6.98,6.99,6.88,6.91,393761,272332.852,1.0
2025-03-19,6.89,6.97,6.83,6.86,228241,157427.64,1.0
2025-03-20,6.9,7.2,6.86,7.01,466464,327497.725,1.0
2025-03-21,7.01,7.01,6.63,6.63,580451,393965.536,1.0
2025-03-24,6.63,6.7,6.39,6.56,451813,295926.71,1.0
2025-03-25,6.53,6.6,6.45,6.55,214696,139997.908,1.0
2025-03-26,6.5,6.58,6.48,6.56,188403,123050.997,1.0
2025-03-27,6.58,6.75,6.56,6.61,350680,233104.854,1.0
2025-03-28,6.58,6.62,6.45,6.45,204766,133078.642,1.0
2025-03-31,6.48,6.51,6.27,6.39,258636,164777.44,1.0
2025-04-01,6.41,6.54,6.38,6.39,176736,113572.078,1.0
2025-04-02,6.44,6.5,6.39,6.39,129450,83278.466,1.0
2025-04-03,6.35,6.71,6.3,6.64,480615,315796.855,1.0
2025-04-07,6.15,6.4,5.98,5.98,493176,302792.673,1.0
2025-04-08,5.98,6.22,5.77,6.05,459978,276102.703,1.0
2025-04-09,6.0,6.66,5.64,6.5,829867,513005.305,1.0
2025-04-10,6.4,6.8,6.38,6.7,814647,539763.346,1.0
2025-04-11,6.61,6.69,6.58,6.62,422916,280533.989,1.0
2025-04-14,6.65,6.78,6.62,6.67,427610,286040.049,1.0
2025-04-15,6.68,6.74,6.58,6.74,345847,230174.63,1.0
2025-04-16,6.71,6.75,6.54,6.57,330609,219172.681,1.0
2025-04-17,6.53,6.61,6.49,6.52,177801,116433.835,1.0
2025-04-18,6.5,6.99,6.46,6.8,744314,505993.78,1.0
2025-04-21,6.81,6.84,6.7,6.75,352301,237890.399,1.0
2025-04-22,6.71,7.03,6.7,6.98,649454,447742.698,1.0
2025-04-23,6.96,7.36,6.91,7.11,920555,658790.167,1.0
2025-04-24,7.17,7.24,7.01,7.19,521065,371073.869,1.0
2025-04-25,7.15,7.29,6.91,6.96,631708,449462.998,1.0
2025-04-28,7.1,7.2,6.95,7.07,493290,349650.764,1.0
2025-04-29,7.29,7.6,7.11,7.22,875082,641741.703,1.0
2025-04-30,7.22,7.23,6.96,6.99,650438,459156.025,1.0
2025-05-06,6.83,7.07,6.8,7.02,488884,340663.239,1.0
2025-05-07,7.07,7.35,7.02,7.2,756253,541688.04,1.0
2025-05-08,7.1,7.35,7.07,7.31,811223,587482.325,1.0
2025-05-09,7.27,7.3,7.05,7.06,480252,343628.053,1.0
2025-05-12,7.14,7.35,7.03,7.21,682365,489394.058,1.0
2025-05-13,7.15,7.18,7.02,7.05,510027,361039.016,1.0
2025-05-14,6.95,7.07,6.95,7.02,296796,208027.927,1.0
2025-05-15,7.0,7.06,6.97,6.98,235123,164810.174,1.0
2025-05-16,6.95,7.09,6.95,6.99,209542,146989.98,1.0
2025-05-19,7.01,7.15,6.96,7.09,362882,256385.986,1.0
2025-05-20,7.1,7.19,7.08,7.09,390192,278194.041,1.0
2025-05-21,7.09,7.6,7.06,7.41,1200728,880415.618,1.0
2025-05-22,7.36,7.44,7.27,7.3,516114,379076.249,1.0
2025-05-23,7.29,7.33,7.1,7.12,535424,385931.343,1.0
2025-05-26,7.08,7.3,7.08,7.27,397537,287538.551,1.0
2025-05-27,7.27,7.31,7.21,7.28,292647,212537.601,1.0
2025-05-28,7.27,7.27,7.09,7.11,349720,249999.591,1.0
2025-05-29,7.12,7.3,7.11,7.19,373592,268641.599,1.0
2025-05-30,7.23,7.8,7.15,7.6,1465364,1098872.705,1.0
2025-06-03,7.49,7.94,7.45,7.89,1390999,1083015.08,1.0
2025-06-04,7.83,7.95,7.75,7.88,801473,629028.459,1.0
2025-06-05,7.86,7.89,7.68,7.83,530021,413384.923,1.0
2025-06-06,7.83,8.45,7.83,8.09,1522365,1244621.364,1.0
2025-06-09,7.98,8.37,7.97,8.19,869979,711188.923,1.0
2025-06-10,8.06,8.09,7.75,7.8,900804,708983.727,1.0
2025-06-11,7.94,8.05,7.84,7.93,501644,397728.658,1.0
2025-06-12,7.91,8.2,7.87,8.12,628509,509994.873,1.0
2025-06-13,8.1,8.22,7.97,8.02,559884,452613.907,1.0
2025-06-16,8.26,8.75,8.24,8.67,1466444,1261384.026,1.0
2025-06-17,8.67,8.89,8.6,8.69,1155743,1009780.373,1.0
2025-06-18,8.68,8.68,7.82,7.82,1510941,1218598.436,1.0
2025-06-19,7.63,7.97,7.63,7.73,713456,553593.182,1.0
2025-06-20,7.83,8.26,7.83,8.07,965169,782545.524,1.0
2025-06-23,8.13,8.65,8.13,8.49,966054,817518.114,1.0
2025-06-24,8.46,8.74,8.43,8.7,793844,685427.655,1.0
2025-06-25,8.68,8.78,8.51,8.74,678192,588946.664,1.0
2025-06-26,8.7,9.06,8.56,8.59,1007350,883249.022,1.0
2025-06-27,8.72,8.96,8.67,8.71,743151,654090.838,1.0
2025-06-30,8.43,8.58,7.94,8.56,978531,810098.764,1.0
2025-07-01,8.57,8.61,8.39,8.48,449585,381576.039,1.0
2025-07-02,8.54,8.64,8.43,8.49,513173,437732.295,1.0
2025-07-03,8.52,8.59,8.32,8.42,369392,310397.582,1.0
2025-07-04,8.41,8.67,8.33,8.38,513355,433995.953,1.0
2025-07-07,8.4,8.85,8.36,8.72,920609,798969.802,1.0
2025-07-08,8.65,8.75,8.63,8.67,465300,403336.674,1.0
2025-07-09,8.66,8.88,8.4,8.48,705037,605984.205,1.0
2025-07-10,8.46,8.86,8.43,8.8,926827,809433.34,1.0
2025-07-11,8.8,9.13,8.7,9.1,916636,819827.992,1.0
2025-07-14,9.22,9.57,8.97,9.2,1135435,1048516.807,1.0
2025-07-15,9.17,9.45,9.06,9.22,812101,748575.439,1.0
2025-07-16,9.3,9.53,8.66,8.98,1326601,1211131.629,1.0
2025-07-17,9.1,9.78,8.98,9.65,1674189,1584445.403,1.0
2025-07-18,9.66,9.83,9.37,9.58,1042940,1002341.159,1.0
2025-07-21,10.54,10.54,10.54,10.54,99350,104714.752,1.0
2025-07-22,11.59,11.59,11.59,11.59,69458,80502.228,1.0
2025-07-23,12.75,12.75,12.75,12.75,37653,48007.754,1.0
2025-07-24,14.03,14.03,14.03,14.03,996114,1397548.517,1.0
2025-07-25,15.43,15.43,14.99,15.43,6083084,9336744.999,1.0
2025-07-28,14.77,15.73,14.67,15.66,4721282,7226923.704,1.0
2025-07-29,15.4,17.23,15.02,17.23,5043972,8130041.314,1.0
2025-07-30,17.02,18.86,17.0,17.91,5272393,9495989.877,1.0
2025-07-31,17.86,19.5,17.5,19.15,4440365,8167271.704,1.0
2025-08-01,18.41,18.86,18.0,18.2,3329523,6129969.763,1.0
2025-08-04,18.6,19.29,17.45,17.47,3780204,6963056.043,1.0
2025-08-05,17.09,18.35,16.73,17.58,4076608,7136189.294,1.0
2025-08-06,16.86,16.87,15.82,15.82,2986799,4788919.555,1.0
2025-08-07,15.01,15.88,14.89,15.24,2919035,4468378.105,1.0
2025-08-08,15.07,16.76,15.05,16.37,3876814,6196635.265,1.0
2025-08-11,16.4,16.8,16.11,16.52,3137699,5164980.84,1.0
2025-08-12,16.37,16.52,15.76,15.79,2405411,3861912.801,1.0
2025-08-13,15.89,16.29,15.84,16.03,1969479,3157744.319,1.0
2025-08-14,15.97,17.1,15.87,16.41,3569258,5925197.995,1.0
2025-08-15,16.0,16.37,14.81,16.02,2745965,4319725.011,1.0
2025-08-18,16.2,17.47,15.98,17.04,3132157,5249836.952,1.0
2025-08-19,16.77,17.5,16.55,16.59,2758030,4672666.152,1.0
2025-08-20,16.39,16.75,15.85,16.09,1923993,3100205.168,1.0
2025-08-21,16.6,16.6,15.42,15.57,2184830,3485216.292,1.0
2025-08-22,15.24,15.62,15.17,15.51,1307017,2016178.237,1.0
2025-08-25,15.41,15.72,15.28,15.41,1397414,2160780.202,1.0
2025-08-26,15.38,15.48,15.16,15.18,1186403,1808984.215,1.0
2025-08-27,15.19,15.2,14.57,14.57,1606430,2406520.226,1.0
2025-08-28,14.41,14.56,13.84,14.45,1708038,2426392.612,1.0
2025-08-29,14.5,14.96,14.38,14.49,1343681,1972045.449,1.0
2025-09-01,14.4,14.67,14.34,14.53,885664,1283140.489,1.0
2025-09-02,14.53,14.57,13.95,14.03,974318,1377458.969,1.0
2025-09-03,14.08,14.16,13.79,13.95,877791,1229388.161,1.0
2025-09-04,13.84,14.28,13.66,13.87,1136162,1590707.525,1.0
2025-09-05,13.87,13.94,13.29,13.71,1099083,1489843.869,1.0
2025-09-08,13.67,13.78,13.44,13.53,729848,990131.151,1.0
2025-09-09,13.49,13.5,13.08,13.11,819300,1086071.26,1.0
2025-09-10,13.12,13.62,13.12,13.42,831435,1114141.771,1.0
2025-09-11,13.38,13.84,13.31,13.7,1148449,1571193.523,1.0
2025-09-12,13.65,13.93,13.58,13.78,1063432,1463399.938,1.0
2025-09-15,13.7,13.76,13.47,13.51,695011,942076.987,1.0
2025-09-16,13.59,13.7,13.38,13.49,542821,734122.635,1.0
2025-09-17,13.6,13.95,13.52,13.65,1077199,1476386.061,1.0
2025-09-18,13.45,13.87,13.27,13.44,1209831,1638709.571,1.0
2025-09-19,13.37,14.11,13.31,13.8,1611692,2226979.627,1.0
2025-09-22,13.56,13.6,13.08,13.33,1169876,1552015.779,1.0
2025-09-23,13.18,13.25,12.31,12.61,1292404,1632673.463,1.0
2025-09-24,12.54,12.57,12.34,12.52,658250,820161.234,1.0
2025-09-25,12.6,12.68,12.33,12.33,564678,703813.99,1.0
2025-09-26,12.29,12.43,12.18,12.23,480247,590847.986,1.0
2025-09-29,12.22,12.22,11.88,12.15,606130,732084.23,1.0
2025-09-30,12.15,12.26,12.13,12.2,335176,408713.837,1.0
2025-10-09,12.23,12.33,12.16,12.3,454162,556859.307,1.0
2025-10-10,12.31,13.37,12.27,12.87,1838163,2368271.409,1.0
2025-10-13,12.31,13.1,12.27,12.92,1016795,1292852.314,1.0
2025-10-14,13.0,13.28,12.75,12.83,989484,1287131.295,1.0
2025-10-15,12.87,13.08,12.68,12.92,631782,812062.701,1.0
2025-10-16,12.81,12.82,12.26,12.29,739577,920365.072,1.0
2025-10-17,12.28,12.77,12.0,12.07,755089,936877.704,1.0
2025-10-20,12.07,12.27,11.97,12.1,486889,589075.622,1.0
2025-10-21,12.08,12.33,12.05,12.3,575770,705519.828,1.0
2025-10-22,12.22,12.58,12.22,12.33,665427,825831.362,1.0
2025-10-23,12.32,12.39,11.9,12.12,647440,782075.31,1.0
2025-10-24,12.12,12.18,11.88,11.92,517281,619199.732,1.0
2025-10-27,11.96,12.25,11.96,12.06,522666,632320.174,1.0
2025-10-28,12.0,12.03,11.86,11.89,438982,523738.259,1.0
2025-10-29,11.85,11.88,11.64,11.78,494202,579333.028,1.0
2025-10-30,11.8,11.82,11.58,11.6,411524,479588.572,1.0
2025-10-31,11.94,12.76,11.94,12.76,1914185,2399753.148,1.0
2025-11-03,12.75,12.75,12.2,12.46,1191949,1474569.509,1.0
2025-11-04,12.46,12.71,12.37,12.55,941069,1176560.175,1.0
2025-11-05,12.41,12.71,12.36,12.57,831009,1045400.668,1.0
2025-11-06,12.49,12.53,12.21,12.42,652915,806700.16,1.0
2025-11-07,12.31,12.93,12.31,12.72,1227546,1557578.005,1.0
2025-11-10,12.73,12.77,12.42,12.53,691130,867319.073,1.0
2025-11-11,12.47,12.81,12.41,12.65,748593,943220.294,1.0
2025-11-12,12.6,12.6,12.06,12.14,847303,1037287.599,1.0
2025-11-13,12.13,12.37,11.99,12.27,530441,647899.755,1.0
2025-11-14,12.15,12.33,12.07,12.13,449826,547578.137,1.0
2025-11-17,12.17,12.44,12.13,12.3,514780,632289.809,1.0
2025-11-18,12.28,12.29,11.87,11.89,583896,700748.132,1.0
2025-11-19,11.86,11.95,11.36,11.44,589471,682019.717,1.0
2025-11-20,11.44,11.52,11.28,11.3,353974,402400.974,1.0
2025-11-21,11.2,11.34,10.9,10.9,499701,552653.578,1.0
2025-11-24,10.92,11.2,10.88,11.15,348450,384732.962,1.0
2025-11-25,11.15,11.27,11.06,11.22,292628,327983.695,1.0
2025-11-26,11.23,11.34,11.1,11.13,294567,330095.868,1.0
2025-11-27,11.1,11.16,11.0,11.01,239798,265588.836,1.0
2025-11-28,10.98,11.22,10.95,11.21,279170,309846.263,1.0
2025-12-01,11.2,11.26,11.14,11.2,225123,251927.29,1.0
2025-12-02,11.17,11.29,11.03,11.16,262578,292506.711,1.0
2025-12-03,11.09,11.15,10.92,10.96,291941,321129.114,1.0
2025-12-04,10.96,11.0,10.77,10.83,249133,270226.552,1.0
2025-12-05,10.88,11.06,10.77,11.03,251915,275526.233,1.0
2025-12-08,11.03,11.1,11.01,11.05,226375,250053.232,1.0
2025-12-09,11.03,11.07,10.9,10.92,230473,252796.135,1.0
2025-12-10,10.89,11.08,10.83,11.06,258942,284762.991,1.0
2025-12-11,11.03,11.06,10.81,10.83,242014,263795.543,1.0
2025-12-12,10.78,10.95,10.77,10.82,172295,186943.562,1.0
2025-12-15,10.8,11.21,10.79,11.01,461602,510730.403,1.0
2025-12-16,10.95,11.0,10.66,10.7,371694,400101.667,1.0
2025-12-17,10.7,10.78,10.53,10.76,280073,298354.302,1.0
2025-12-18,10.7,10.83,10.67,10.7,194867,209620.77,1.0
2025-12-19,10.7,10.85,10.67,10.83,248041,267409.19,1.0
2025-12-22,10.85,10.97,10.85,10.92,221256,241723.974,1.0
2025-12-23,10.9,11.03,10.85,10.92,233817,255647.738,1.0
2025-12-24,10.88,11.21,10.88,11.14,515081,573230.271,1.0
2025-12-25,11.2,11.41,11.05,11.28,555275,624508.161,1.0
2025-12-26,11.23,11.34,11.13,11.16,363892,408199.374,1.0
2025-12-29,11.16,11.23,11.08,11.11,278042,309967.681,1.0
2025-12-30,11.06,11.18,10.99,11.08,280892,311242.675,1.0
2025-12-31,11.05,11.09,10.91,11.03,251813,277016.589,1.0
2026-01-05,11.01,11.08,10.96,11.08,261660,288880.52,1.0
2026-01-06,11.07,11.24,11.03,11.24,374317,418968.335,1.0
2026-01-07,11.2,11.26,11.12,11.15,264417,295504.453,1.0
2026-01-08,11.12,11.31,11.09,11.28,362542,407593.054,1.0
2026-01-09,11.28,11.34,11.19,11.29,321655,362477.236,1.0
2026-01-12,11.29,11.5,11.25,11.44,515908,587515.011,1.0
2026-01-13,11.45,11.56,11.15,11.16,642649,727052.366,1.0
2026-01-14,11.16,11.32,10.96,11.08,566662,631779.361,1.0
2026-01-15,11.05,11.07,10.86,10.92,374796,410371.646,1.0
2026-01-16,10.92,11.72,10.92,11.25,1203749,1370270.663,1.0
