date,open,high,low,close,volume,amount,factor
2010-10-26,3.72,4.1,3.68,4.0,94664,995446.328,1.0
2010-10-27,3.89,3.9,3.56,3.56,46593,469081.864,1.0
2010-10-28,3.58,3.89,3.58,3.79,29481,300774.553,1.0
2010-10-29,3.84,4.21,3.74,4.21,21328,230031.603,1.0
2010-11-01,4.36,4.66,4.34,4.41,33354,397442.329,1.0
2010-11-02,4.34,4.52,4.13,4.16,24973,287711.731,1.0
2010-11-03,4.05,4.08,3.74,3.8,24350,253887.352,1.0
2010-11-04,3.83,3.88,3.71,3.84,15093,155292.426,1.0
2010-11-05,3.85,3.93,3.76,3.85,11741,122041.266,1.0
2010-11-08,3.83,4.03,3.78,3.97,13370,141968.846,1.0
2010-11-09,3.93,3.94,3.87,3.9,9971,104789.693,1.0
2010-11-10,3.9,4.21,3.87,4.15,12272,134143.051,1.0
2010-11-11,4.11,4.5,4.1,4.23,15391,177008.065,1.0
2010-11-12,4.26,4.54,4.1,4.36,21788,253277.507,1.0
2010-11-15,4.46,4.62,4.38,4.52,14129,170395.227,1.0
2010-11-16,4.48,4.6,4.32,4.34,12470,147996.274,1.0
2010-11-17,4.32,4.68,4.25,4.48,13716,165772.989,1.0
2010-11-18,4.51,4.58,4.29,4.48,9537,112569.871,1.0
2010-11-19,4.48,4.68,4.48,4.64,8774,107387.593,1.0
2010-11-22,4.61,4.81,4.47,4.56,10367,128194.126,1.0
2010-11-23,4.48,4.6,4.44,4.54,6170,74032.292,1.0
2010-11-24,4.48,4.65,4.48,4.64,6229,76149.474,1.0
2010-11-25,4.72,4.72,4.42,4.47,9824,118776.898,1.0
2010-11-26,4.45,4.54,4.42,4.5,4739,56751.006,1.0
2010-11-29,4.5,4.64,4.47,4.6,5610,68570.058,1.0
2010-11-30,4.65,4.66,4.3,4.37,11739,139339.763,1.0
2010-12-01,4.34,4.38,4.29,4.29,5699,65779.487,1.0
2010-12-02,4.34,4.44,4.29,4.3,5763,67093.506,1.0
2010-12-03,4.31,4.38,4.3,4.36,3886,45131.94,1.0
2010-12-06,4.38,4.39,4.1,4.14,7220,81173.605,1.0
2010-12-07,4.1,4.21,4.01,4.18,3991,44411.291,1.0
2010-12-08,4.18,4.23,4.06,4.08,3591,39939.006,1.0
2010-12-09,4.05,4.15,4.02,4.06,2965,32564.772,1.0
2010-12-10,4.03,4.16,4.03,4.16,2727,30120.925,1.0
2010-12-13,4.19,4.32,4.19,4.29,4372,49934.499,1.0
2010-12-14,4.3,4.32,4.26,4.32,3184,36651.298,1.0
2010-12-15,4.32,4.5,4.27,4.33,6916,80789.829,1.0
2010-12-16,4.33,4.42,4.3,4.39,3689,43065.872,1.0
2010-12-17,4.38,4.49,4.36,4.44,4583,54475.525,1.0
2010-12-20,4.51,4.62,4.34,4.55,9035,108863.322,1.0
2010-12-21,4.54,4.57,4.48,4.52,3024,36480.156,1.0
2010-12-22,4.51,4.58,4.4,4.42,4207,50171.169,1.0
2010-12-23,4.4,4.43,4.24,4.24,5662,65817.912,1.0
2010-12-24,4.24,4.26,4.03,4.08,3950,43827.645,1.0
2010-12-27,4.09,4.25,3.99,4.01,4181,46457.967,1.0
2010-12-28,3.96,4.18,3.96,4.12,3879,42495.813,1.0
2010-12-29,4.12,4.3,4.1,4.28,4233,48242.622,1.0
2010-12-30,4.29,4.34,4.25,4.3,2930,33757.97,1.0
2010-12-31,4.28,4.34,4.26,4.34,3601,41461.235,1.0
2011-01-04,4.38,4.49,4.34,4.38,5352,62955.894,1.0
2011-01-05,4.37,4.47,4.3,4.46,3175,37332.812,1.0
2011-01-06,4.46,4.46,4.29,4.29,3806,44266.802,1.0
2011-01-07,4.23,4.28,4.14,4.17,4369,49179.321,1.0
2011-01-10,4.16,4.23,4.14,4.16,2513,28234.387,1.0
2011-01-11,4.1,4.16,4.05,4.14,2069,22864.992,1.0
2011-01-12,4.21,4.32,4.15,4.28,2608,29746.709,1.0
2011-01-13,4.26,4.31,4.2,4.24,1372,15586.279,1.0
2011-01-14,4.22,4.25,4.09,4.1,2591,29003.684,1.0
2011-01-17,4.03,4.16,3.87,3.89,3396,36445.087,1.0
2011-01-18,3.86,3.92,3.82,3.87,1470,15361.691,1.0
2011-01-19,3.87,3.93,3.87,3.92,1529,16127.965,1.0
2011-01-20,3.96,3.96,3.64,3.65,3878,39730.033,1.0
2011-01-21,3.64,3.73,3.57,3.66,2218,22022.062,1.0
2011-01-24,3.66,3.68,3.4,3.4,3097,29701.982,1.0
2011-01-25,3.4,3.4,3.23,3.3,3061,27891.989,1.0
2011-01-26,3.23,3.36,3.12,3.29,16173,143893.922,1.0
2011-01-27,3.26,3.37,3.23,3.33,6611,59988.431,1.0
2011-01-28,3.34,3.34,3.23,3.34,4840,43818.615,1.0
2011-01-31,3.34,3.5,3.32,3.48,4074,38295.916,1.0
2011-02-01,3.47,3.48,3.4,3.42,2554,24031.787,1.0
2011-02-09,3.4,3.46,3.3,3.31,3300,30667.321,1.0
2011-02-10,3.3,3.5,3.25,3.49,4977,46115.693,1.0
2011-02-11,3.47,3.58,3.45,3.58,4074,39289.353,1.0
2011-02-14,3.6,3.66,3.56,3.62,3973,39106.158,1.0
2011-02-15,3.62,3.66,3.59,3.6,3712,36515.601,1.0
2011-02-16,3.6,3.78,3.58,3.74,5868,58576.381,1.0
2011-02-17,3.76,3.82,3.73,3.75,5493,56037.198,1.0
2011-02-18,3.75,3.82,3.69,3.77,3571,36358.809,1.0
2011-02-21,3.76,3.91,3.74,3.89,4192,43916.963,1.0
2011-02-22,3.92,3.95,3.7,3.72,6228,64105.991,1.0
2011-02-23,3.74,3.93,3.74,3.85,5823,60685.491,1.0
2011-02-24,3.87,3.96,3.73,3.82,5430,56371.791,1.0
2011-02-25,3.8,3.87,3.75,3.8,4470,46081.93,1.0
2011-02-28,3.76,3.79,3.63,3.69,7536,75457.065,1.0
2011-03-01,3.68,3.78,3.67,3.7,3224,32529.928,1.0
2011-03-02,3.68,3.71,3.58,3.62,5460,53773.678,1.0
2011-03-03,3.6,3.62,3.46,3.5,7068,68001.974,1.0
2011-03-04,3.51,3.62,3.48,3.62,3965,38347.09,1.0
2011-03-08,3.68,3.78,3.66,3.73,10311,103975.217,1.0
2011-03-09,3.7,3.76,3.65,3.72,4853,48595.129,1.0
2011-03-10,3.72,3.84,3.7,3.75,5669,58021.377,1.0
2011-03-11,3.75,3.84,3.68,3.78,8135,82935.376,1.0
2011-03-14,3.78,3.78,3.68,3.72,4978,50230.266,1.0
2011-03-15,3.72,3.72,3.55,3.59,5787,56938.367,1.0
2011-03-16,3.59,3.68,3.59,3.64,3173,31446.888,1.0
2011-03-17,3.61,3.61,3.5,3.5,5472,52846.992,1.0
2011-03-18,3.56,3.57,3.48,3.5,2621,25080.391,1.0
2011-03-21,3.48,3.51,3.36,3.49,4473,42072.981,1.0
2011-03-22,3.48,3.49,3.41,3.43,1828,17188.212,1.0
2011-03-23,3.44,3.52,3.42,3.52,2213,21099.897,1.0
2011-03-24,3.51,3.56,3.49,3.49,1682,16175.893,1.0
2011-03-25,3.5,3.5,3.47,3.49,1854,17628.01,1.0
2011-03-28,3.48,3.49,3.44,3.48,3797,36064.329,1.0
2011-03-29,3.48,3.49,3.38,3.48,4095,38692.921,1.0
2011-03-30,3.44,3.49,3.37,3.37,2317,21529.041,1.0
2011-04-01,3.38,3.43,3.37,3.39,1187,11015.448,1.0
2011-04-06,3.36,3.39,3.27,3.28,2304,20888.128,1.0
2011-04-07,3.28,3.3,3.23,3.3,2345,20979.542,1.0
2011-04-08,3.31,3.41,3.28,3.4,1679,15505.709,1.0
2011-04-11,3.4,3.43,3.36,3.4,2302,21400.332,1.0
2011-04-12,3.39,3.4,3.36,3.37,1120,10368.219,1.0
2011-04-13,3.36,3.45,3.36,3.43,2220,20804.319,1.0
2011-04-14,3.44,3.44,3.27,3.33,2685,24730.417,1.0
2011-04-15,3.3,3.31,3.18,3.21,6135,27107.771,1.0
2011-04-18,3.16,3.22,3.09,3.14,3698,16034.394,1.0
2011-04-19,3.12,3.12,3.02,3.05,4937,20714.071,1.0
2011-04-20,3.04,3.1,3.03,3.09,3088,13074.711,1.0
2011-04-21,3.05,3.26,3.05,3.22,8677,37998.437,1.0
2011-04-22,3.23,3.24,3.13,3.18,3526,15365.376,1.0
2011-04-25,3.14,3.15,2.82,3.01,3320,13891.796,1.0
2011-04-26,2.99,3.04,2.81,2.83,6778,26935.29,1.0
2011-04-27,2.83,2.87,2.77,2.82,5415,21112.094,1.0
2011-04-28,2.82,2.91,2.8,2.89,6407,25392.146,1.0
2011-04-29,2.89,2.93,2.85,2.89,2947,11802.002,1.0
2011-05-03,2.9,2.91,2.87,2.9,1993,7964.625,1.0
2011-05-04,2.9,2.9,2.83,2.85,3521,13952.801,1.0
2011-05-05,2.85,2.96,2.83,2.93,2956,11942.789,1.0
2011-05-06,2.89,2.93,2.86,2.9,1554,6237.672,1.0
2011-05-09,2.9,2.97,2.9,2.96,3475,14114.34,1.0
2011-05-10,2.96,2.96,2.89,2.91,2752,11089.538,1.0
2011-05-11,2.91,2.91,2.85,2.85,2792,11099.659,1.0
2011-05-12,2.85,2.85,2.75,2.75,2803,10867.512,1.0
2011-05-13,2.74,2.77,2.64,2.69,3636,13633.139,1.0
2011-05-16,2.7,2.72,2.66,2.67,1720,6468.856,1.0
2011-05-17,2.69,2.69,2.65,2.69,2205,8242.663,1.0
2011-05-18,2.66,2.7,2.65,2.69,1082,4059.076,1.0
2011-05-19,2.69,2.69,2.6,2.61,3684,13629.874,1.0
2011-05-20,2.6,2.63,2.52,2.54,3116,11208.464,1.0
2011-05-23,2.52,2.53,2.32,2.49,11091,38013.555,1.0
2011-05-24,2.44,2.64,2.44,2.6,5741,20563.216,1.0
2011-05-25,2.6,2.63,2.52,2.52,4537,16479.711,1.0
2011-05-26,2.61,2.61,2.53,2.54,3407,12265.994,1.0
2011-05-27,2.58,2.58,2.46,2.51,2437,8566.975,1.0
2011-05-30,2.48,2.57,2.44,2.5,1735,6171.262,1.0
2011-05-31,2.51,2.55,2.46,2.53,1217,4295.605,1.0
2011-06-01,2.56,2.68,2.56,2.65,5547,20595.77,1.0
2011-06-02,2.61,2.76,2.59,2.74,6277,23426.878,1.0
2011-06-03,2.76,2.78,2.72,2.76,4105,15733.944,1.0
2011-06-07,2.75,2.79,2.72,2.77,2292,8774.065,1.0
2011-06-08,2.77,2.79,2.69,2.75,1646,6299.027,1.0
2011-06-09,2.73,2.76,2.71,2.73,2554,9718.684,1.0
2011-06-10,2.73,2.73,2.67,2.71,516,1939.717,1.0
2011-06-13,2.69,2.77,2.62,2.77,2142,8061.578,1.0
2011-06-14,2.76,2.8,2.74,2.77,1236,4774.562,1.0
2011-06-16,2.76,2.82,2.73,2.77,2593,10039.035,1.0
2011-06-17,2.77,2.77,2.68,2.72,1591,6031.163,1.0
2011-06-20,2.69,2.75,2.68,2.73,2451,9344.707,1.0
2011-06-21,2.75,2.76,2.68,2.73,2146,8132.451,1.0
2011-06-22,2.74,2.74,2.71,2.73,790,3000.717,1.0
2011-06-23,2.71,2.83,2.71,2.82,2305,8907.149,1.0
2011-06-24,2.81,2.89,2.78,2.87,2317,9177.717,1.0
2011-06-27,2.87,2.9,2.83,2.85,1869,7432.57,1.0
2011-06-28,2.86,2.89,2.75,2.81,5200,20109.636,1.0
2011-06-29,2.8,2.81,2.75,2.75,851,3288.296,1.0
2011-06-30,2.77,2.81,2.75,2.79,2231,8670.571,1.0
2011-07-01,2.78,2.81,2.73,2.75,2272,8756.054,1.0
2011-07-04,2.75,2.8,2.74,2.8,5019,19362.019,1.0
2011-07-05,2.8,2.86,2.8,2.83,3361,13216.038,1.0
2011-07-06,2.83,2.97,2.81,2.97,7480,30029.626,1.0
2011-07-07,2.95,3.07,2.94,3.03,6270,26054.445,1.0
2011-07-08,3.03,3.06,2.94,3.0,4617,19214.548,1.0
2011-07-11,3.0,3.06,2.97,3.05,3508,14665.047,1.0
2011-07-12,3.05,3.05,2.96,2.96,2957,12242.092,1.0
2011-07-13,2.99,3.03,2.94,3.01,2048,8481.187,1.0
2011-07-14,3.03,3.1,2.98,3.1,4123,17306.947,1.0
2011-07-18,3.13,3.28,3.13,3.23,10198,45082.362,1.0
2011-07-19,3.2,3.24,3.14,3.18,4067,17643.079,1.0
2011-07-20,3.18,3.19,3.12,3.15,2562,11096.001,1.0
2011-07-21,3.16,3.16,3.1,3.1,1946,8341.013,1.0
2011-07-22,3.13,3.15,3.1,3.11,1049,4492.679,1.0
2011-07-25,3.13,3.13,2.97,2.98,2325,9699.855,1.0
2011-07-26,2.97,3.0,2.92,2.97,1062,4346.616,1.0
2011-07-27,2.92,3.05,2.92,3.02,1527,6294.938,1.0
2011-07-28,3.02,3.04,2.97,3.03,1285,5337.364,1.0
2011-07-29,3.04,3.05,2.99,3.0,1482,6169.183,1.0
2011-08-01,3.0,3.11,2.98,3.07,2060,8698.263,1.0
2011-08-02,3.08,3.14,3.02,3.14,2223,9457.664,1.0
2011-08-03,3.07,3.24,3.07,3.15,2526,10959.533,1.0
2011-08-04,3.13,3.19,3.12,3.12,1728,7448.797,1.0
2011-08-05,3.04,3.11,3.01,3.06,2006,8445.743,1.0
2011-08-08,3.04,3.04,2.86,2.95,5368,21806.014,1.0
2011-08-09,2.87,3.01,2.84,2.94,2331,9387.799,1.0
2011-08-10,2.97,3.05,2.97,3.0,2945,12197.823,1.0
2011-08-11,2.93,3.2,2.9,3.19,7593,32396.545,1.0
2011-08-12,3.19,3.52,3.19,3.47,13930,64955.406,1.0
2011-08-15,3.46,3.53,3.43,3.49,6740,31920.161,1.0
2011-08-16,3.53,3.53,3.44,3.52,6091,28701.61,1.0
2011-08-17,3.59,3.7,3.51,3.6,18769,90907.15,1.0
2011-08-18,3.62,3.62,3.53,3.57,6244,30131.375,1.0
2011-08-19,3.45,3.59,3.45,3.59,6964,33272.155,1.0
2011-08-22,3.6,3.74,3.6,3.71,11070,55252.48,1.0
2011-08-23,3.72,3.86,3.67,3.81,8956,45446.783,1.0
2011-08-24,3.79,3.83,3.71,3.72,4574,23176.48,1.0
2011-08-25,3.73,3.81,3.71,3.72,4491,22651.897,1.0
2011-08-26,3.72,3.85,3.72,3.8,7076,36174.331,1.0
2011-08-29,3.81,3.98,3.75,3.8,10563,54974.115,1.0
2011-08-30,3.79,3.81,3.71,3.71,3286,16681.348,1.0
2011-08-31,3.71,3.73,3.59,3.71,3043,15038.779,1.0
2011-09-01,3.67,3.78,3.65,3.66,1912,9520.803,1.0
2011-09-02,3.63,3.66,3.6,3.62,2218,10865.475,1.0
2011-09-05,3.59,3.61,3.5,3.53,2767,13282.058,1.0
2011-09-07,3.52,3.58,3.5,3.57,2515,12072.033,1.0
2011-09-08,3.58,3.6,3.42,3.44,2122,10118.631,1.0
2011-09-09,3.44,3.49,3.42,3.47,2214,10366.545,1.0
2011-09-13,3.46,3.5,3.42,3.47,1424,6713.742,1.0
2011-09-14,3.49,3.5,3.44,3.49,1677,7899.513,1.0
2011-09-15,3.5,3.62,3.49,3.58,5490,26608.334,1.0
2011-09-16,3.62,3.62,3.46,3.48,3703,17657.714,1.0
2011-09-19,3.46,3.49,3.38,3.42,1374,6417.971,1.0
2011-09-20,3.42,3.46,3.39,3.44,699,3254.186,1.0
2011-09-21,3.44,3.55,3.42,3.51,3059,14558.89,1.0
2011-09-22,3.49,3.49,3.39,3.4,1111,5203.603,1.0
2011-09-23,3.38,3.42,3.3,3.38,1415,6473.645,1.0
2011-09-26,3.4,3.42,3.32,3.38,1443,6645.411,1.0
2011-09-27,3.4,3.41,3.31,3.38,1246,5732.587,1.0
2011-09-28,3.39,3.41,3.29,3.29,3699,16925.847,1.0
2011-09-29,3.3,3.35,3.23,3.3,2995,13473.354,1.0
2011-09-30,3.25,3.34,3.22,3.3,1328,5975.684,1.0
2011-10-10,3.34,3.39,3.3,3.33,1062,4821.638,1.0
2011-10-11,3.4,3.45,3.37,3.38,2271,10545.207,1.0
2011-10-12,3.38,3.61,3.37,3.61,3425,16446.312,1.0
2011-10-13,3.61,3.75,3.58,3.66,6532,32220.903,1.0
2011-10-14,3.66,3.66,3.53,3.6,2963,14365.212,1.0
2011-10-17,3.62,3.89,3.62,3.71,9547,48255.902,1.0
2011-10-18,3.63,3.7,3.53,3.53,4972,24244.522,1.0
2011-10-19,3.57,3.69,3.56,3.59,4200,20566.061,1.0
2011-10-20,3.54,3.61,3.43,3.51,3117,14810.894,1.0
2011-10-21,3.48,3.52,3.3,3.34,4521,20907.237,1.0
2011-10-24,3.36,3.58,3.26,3.52,5148,23884.87,1.0
2011-10-25,3.53,3.75,3.5,3.67,11723,58355.208,1.0
2011-10-26,3.68,4.03,3.68,3.85,24664,128644.817,1.0
2011-10-27,3.85,3.95,3.76,3.82,13685,70997.38,1.0
2011-10-28,3.88,4.19,3.85,4.03,26497,142429.863,1.0
2011-10-31,4.02,4.41,3.97,4.2,54659,179272.472,1.0
2011-11-01,4.12,4.44,4.01,4.35,46696,154995.999,1.0
2011-11-02,4.2,4.77,4.19,4.74,62235,214916.105,1.0
2011-11-03,4.65,4.74,4.51,4.53,53863,192759.041,1.0
2011-11-04,4.49,4.63,4.2,4.33,52522,179900.164,1.0
2011-11-07,4.28,4.42,4.26,4.42,28834,98017.578,1.0
2011-11-08,4.48,4.5,4.34,4.34,23133,79179.863,1.0
2011-11-09,4.35,4.81,4.34,4.81,57641,205796.046,1.0
2011-11-10,4.76,4.81,4.62,4.63,61302,222758.776,1.0
2011-11-11,4.63,4.89,4.56,4.63,57408,209200.999,1.0
2011-11-14,4.68,4.83,4.65,4.73,38978,143141.216,1.0
2011-11-15,4.77,4.81,4.63,4.78,32116,117428.595,1.0
2011-11-16,4.77,4.78,4.52,4.55,28685,103070.298,1.0
2011-11-17,4.58,4.63,4.45,4.49,23916,84187.774,1.0
2011-11-18,4.45,4.53,4.31,4.34,26474,90529.042,1.0
2011-11-21,4.37,4.4,4.31,4.38,15547,52663.525,1.0
2011-11-22,4.37,4.49,4.32,4.4,21658,74281.78,1.0
2011-11-23,4.41,4.49,4.35,4.41,18875,64996.644,1.0
2011-11-24,4.34,4.51,4.32,4.42,23915,82514.113,1.0
2011-11-25,4.4,4.66,4.33,4.58,35252,124456.993,1.0
2011-11-28,4.55,4.72,4.54,4.61,29799,107097.228,1.0
2011-11-29,4.61,4.65,4.48,4.6,25575,90208.42,1.0
2011-11-30,4.6,4.63,4.23,4.31,21092,72352.826,1.0
2011-12-01,4.44,4.56,4.39,4.39,19467,67585.692,1.0
2011-12-02,4.37,4.45,4.19,4.33,19399,64949.369,1.0
2011-12-05,4.24,4.36,4.09,4.11,13761,45291.152,1.0
2011-12-06,4.07,4.26,3.98,4.17,14142,45491.228,1.0
2011-12-07,4.1,4.27,4.1,4.24,13882,45683.985,1.0
2011-12-08,4.22,4.49,4.18,4.43,32242,109933.09,1.0
2011-12-09,4.34,4.44,4.29,4.34,14704,49830.579,1.0
2011-12-12,4.34,4.45,4.3,4.36,13588,46481.049,1.0
2011-12-13,4.32,4.45,4.06,4.31,22997,75807.01,1.0
2011-12-14,4.23,4.26,4.06,4.08,24530,79467.679,1.0
2011-12-16,3.98,4.21,3.95,4.2,15888,51062.093,1.0
2011-12-19,4.2,4.4,4.09,4.34,20614,68127.58,1.0
2011-12-20,4.31,4.49,4.2,4.22,19052,64280.394,1.0
2011-12-21,4.24,4.3,4.15,4.18,17055,56062.934,1.0
2011-12-22,4.11,4.39,4.06,4.35,30177,99739.825,1.0
2011-12-23,4.32,4.38,4.23,4.26,18935,63454.509,1.0
2011-12-26,4.27,4.32,4.22,4.23,10532,34886.973,1.0
2011-12-27,4.2,4.26,4.06,4.09,14453,47069.492,1.0
2011-12-28,4.08,4.19,3.99,4.16,9726,31005.047,1.0
2011-12-29,4.13,4.19,4.09,4.14,5655,18275.099,1.0
2011-12-30,4.14,4.34,4.14,4.3,12526,41889.227,1.0
2012-01-04,4.33,4.48,4.3,4.31,13696,46761.738,1.0
2012-01-05,4.23,4.28,4.14,4.2,9592,31409.271,1.0
2012-01-06,4.18,4.37,4.02,4.36,11998,39205.878,1.0
2012-01-09,4.34,4.56,4.31,4.55,17392,60457.44,1.0
2012-01-10,4.52,4.68,4.48,4.64,24160,85975.606,1.0
2012-01-11,4.6,4.7,4.51,4.6,18599,66361.233,1.0
2012-01-12,4.59,4.63,4.38,4.42,16607,58286.184,1.0
2012-01-13,4.42,4.44,4.16,4.2,20867,68935.348,1.0
2012-01-16,4.09,4.19,4.02,4.04,10197,32570.377,1.0
2012-01-17,4.04,4.19,3.9,4.16,8063,25709.67,1.0
2012-01-18,4.16,4.16,3.71,3.71,22217,68060.895,1.0
2012-01-19,3.61,3.66,3.3,3.56,54839,148790.873,1.0
2012-01-20,3.52,3.62,3.49,3.52,11829,33282.854,1.0
2012-01-30,3.49,3.6,3.49,3.53,9334,26182.797,1.0
2012-01-31,3.53,3.53,3.4,3.5,9492,25907.301,1.0
2012-02-01,3.48,3.65,3.41,3.61,16988,48169.784,1.0
2012-02-02,3.57,3.67,3.54,3.66,9502,27179.951,1.0
2012-02-03,3.66,3.7,3.62,3.66,8631,25033.968,1.0
2012-02-06,3.65,3.66,3.59,3.63,14943,42766.787,1.0
2012-02-07,3.62,3.72,3.59,3.63,14330,41191.342,1.0
2012-02-08,3.6,3.67,3.57,3.67,23533,67398.295,1.0
2012-02-09,3.7,3.74,3.62,3.66,26202,76243.183,1.0
2012-02-10,3.65,3.65,3.57,3.6,28885,82468.711,1.0
2012-02-13,3.55,3.69,3.54,3.62,23086,66359.348,1.0
2012-02-14,3.66,3.69,3.62,3.64,19464,56105.751,1.0
2012-02-15,3.64,3.72,3.61,3.71,29733,86494.129,1.0
2012-02-16,3.72,4.02,3.72,3.87,45402,138502.512,1.0
2012-02-17,3.87,3.88,3.76,3.88,21513,64686.041,1.0
2012-02-20,3.94,3.95,3.77,3.8,22559,68478.664,1.0
2012-02-21,3.75,4.01,3.75,3.8,118961,360054.064,1.0
2012-02-22,3.81,3.97,3.76,3.94,75932,230983.541,1.0
2012-02-23,3.94,4.06,3.88,3.93,62515,194220.417,1.0
2012-02-24,3.92,4.06,3.87,3.97,51299,159547.365,1.0
2012-02-27,3.97,4.06,3.94,3.98,51104,160541.951,1.0
2012-02-28,3.96,4.14,3.96,4.13,62179,196771.539,1.0
2012-02-29,4.19,4.21,4.01,4.02,54930,176858.183,1.0
2012-03-01,3.97,4.0,3.89,3.95,23984,74290.272,1.0
2012-03-02,3.93,4.02,3.92,4.0,21503,67202.223,1.0
2012-03-05,4.01,4.13,4.0,4.04,32558,103685.146,1.0
2012-03-06,4.04,4.06,3.88,3.96,28310,87993.789,1.0
2012-03-07,3.9,3.96,3.85,3.87,22793,69800.64,1.0
2012-03-08,3.88,4.0,3.83,3.95,21563,66390.532,1.0
2012-03-09,3.95,4.02,3.93,3.99,20005,62358.512,1.0
2012-03-12,3.98,4.07,3.96,3.99,27120,85236.85,1.0
2012-03-13,4.0,4.03,3.97,4.02,22441,70289.942,1.0
2012-03-14,4.08,4.12,3.68,3.8,44813,138367.613,1.0
2012-03-15,3.77,3.81,3.63,3.66,25302,73795.35,1.0
2012-03-16,3.67,3.73,3.63,3.72,15595,45465.334,1.0
2012-03-19,3.72,3.79,3.7,3.78,13038,38519.734,1.0
2012-03-20,3.78,3.85,3.73,3.74,17429,52137.688,1.0
2012-03-21,3.77,3.8,3.66,3.72,11676,34227.796,1.0
2012-03-22,3.72,3.73,3.66,3.72,9128,26589.136,1.0
2012-03-23,3.87,4.07,3.82,3.92,75018,232028.522,1.0
2012-03-26,3.94,3.94,3.76,3.78,28804,86480.451,1.0
2012-03-27,3.79,3.83,3.62,3.63,34461,101043.73,1.0
2012-03-28,3.6,3.6,3.4,3.43,28889,79322.6,1.0
2012-03-29,3.38,3.42,3.32,3.32,17716,47462.352,1.0
2012-03-30,3.34,3.37,3.21,3.23,15429,40257.46,1.0
2012-04-05,3.24,3.35,3.22,3.33,13909,36702.275,1.0
2012-04-06,3.34,3.38,3.29,3.36,12818,34161.793,1.0
2012-04-09,3.35,3.37,3.25,3.26,8352,21979.939,1.0
2012-04-10,3.27,3.32,3.13,3.28,13154,33890.118,1.0
2012-04-11,3.24,3.28,3.16,3.24,8258,21376.111,1.0
2012-04-12,3.26,3.44,3.25,3.43,22125,59067.183,1.0
2012-04-13,3.43,3.48,3.4,3.44,20483,56058.679,1.0
2012-04-16,3.4,3.44,3.37,3.39,8195,22122.598,1.0
2012-04-17,3.41,3.44,3.33,3.33,10446,28151.453,1.0
2012-04-18,3.35,3.49,3.35,3.48,19781,54230.438,1.0
2012-04-19,3.44,3.48,3.42,3.45,9767,26740.561,1.0
2012-04-20,3.43,3.49,3.42,3.47,14340,39373.047,1.0
2012-04-23,3.46,3.46,3.19,3.27,34299,89603.864,1.0
2012-04-24,3.24,3.33,3.2,3.28,15597,40547.423,1.0
2012-04-26,3.33,3.33,3.21,3.22,13427,34857.115,1.0
2012-04-27,3.25,3.28,3.19,3.26,7716,20021.116,1.0
2012-05-02,3.3,3.33,3.26,3.31,12067,31684.309,1.0
2012-05-03,3.28,3.31,3.26,3.28,5687,14910.409,1.0
2012-05-04,3.29,3.42,3.28,3.4,15220,40801.459,1.0
2012-05-07,3.38,3.49,3.35,3.48,16691,45413.84,1.0
2012-05-08,3.49,3.6,3.45,3.52,21432,59857.022,1.0
2012-05-09,3.48,3.48,3.41,3.42,12575,34318.387,1.0
2012-05-10,3.41,3.5,3.4,3.48,10480,28843.963,1.0
2012-05-11,3.51,3.62,3.5,3.55,22097,62617.646,1.0
2012-05-14,3.59,3.63,3.5,3.55,15935,45117.128,1.0
2012-05-15,3.51,3.65,3.47,3.61,15413,43659.933,1.0
2012-05-16,3.62,3.71,3.56,3.56,14991,43154.099,1.0
2012-05-17,3.56,3.61,3.52,3.59,5941,16782.219,1.0
2012-05-18,3.58,3.59,3.45,3.48,10453,29094.29,1.0
2012-05-21,3.48,3.52,3.42,3.49,5993,16501.541,1.0
2012-05-22,3.51,3.69,3.47,3.56,13143,37257.18,1.0
2012-05-23,3.54,3.57,3.48,3.53,7334,20468.749,1.0
2012-05-24,3.5,3.53,3.44,3.44,8528,23514.135,1.0
2012-05-25,3.46,3.49,3.35,3.37,7795,21026.445,1.0
2012-05-28,3.37,3.43,3.32,3.42,5871,15856.648,1.0
2012-05-29,3.42,3.47,3.37,3.47,12217,16589.843,1.0
2012-05-30,3.46,3.61,3.45,3.57,26102,36530.689,1.0
2012-05-31,3.55,3.65,3.49,3.62,24227,34184.524,1.0
2012-06-01,3.62,3.62,3.52,3.53,12763,17854.903,1.0
2012-06-04,3.48,3.5,3.35,3.35,16795,22777.346,1.0
2012-06-05,3.39,3.58,3.35,3.52,22847,31167.363,1.0
2012-06-06,3.52,3.53,3.37,3.41,22823,31140.252,1.0
2012-06-07,3.44,3.48,3.36,3.37,10175,13726.93,1.0
2012-06-08,3.4,3.42,3.26,3.26,29150,38510.988,1.0
2012-06-11,3.2,3.32,3.2,3.3,22841,29619.485,1.0
2012-06-12,3.28,3.28,3.21,3.23,13334,17145.893,1.0
2012-06-13,3.23,3.3,3.2,3.29,12733,16425.817,1.0
2012-06-14,3.3,3.38,3.25,3.35,23951,31407.729,1.0
2012-06-15,3.35,3.39,3.27,3.31,11679,15354.748,1.0
2012-06-18,3.33,3.5,3.3,3.4,23665,31654.275,1.0
2012-06-19,3.4,3.4,3.33,3.36,14388,19134.494,1.0
2012-06-20,3.35,3.44,3.35,3.39,20535,27521.802,1.0
2012-06-21,3.4,3.4,3.24,3.27,21559,28015.045,1.0
2012-06-25,3.27,3.27,3.15,3.15,14675,18581.92,1.0
2012-06-26,3.13,3.18,3.07,3.12,7916,9811.357,1.0
2012-06-27,3.15,3.2,3.11,3.17,16432,20638.095,1.0
2012-06-28,3.2,3.22,3.12,3.12,16458,20849.595,1.0
2012-06-29,3.1,3.21,3.09,3.2,10883,13687.481,1.0
2012-07-02,3.2,3.27,3.2,3.23,11895,15218.312,1.0
2012-07-03,3.24,3.3,3.19,3.26,14364,18464.724,1.0
2012-07-04,3.28,3.31,3.23,3.31,20459,26616.184,1.0
2012-07-05,3.3,3.3,3.21,3.21,14070,18061.841,1.0
2012-07-06,3.25,3.25,3.03,3.21,45290,56786.239,1.0
2012-07-09,3.18,3.18,3.08,3.08,15088,18683.725,1.0
2012-07-10,3.13,3.39,3.13,3.31,49924,65240.741,1.0
2012-07-11,3.31,3.38,3.25,3.32,49451,64994.763,1.0
2012-07-12,3.33,3.53,3.27,3.52,56550,75318.801,1.0
2012-07-13,3.48,3.53,3.39,3.42,35541,48426.576,1.0
2012-07-16,3.4,3.51,3.35,3.35,44389,60466.078,1.0
2012-07-17,3.32,3.51,3.29,3.51,42976,58184.739,1.0
2012-07-18,3.49,3.53,3.39,3.51,33896,46424.387,1.0
2012-07-19,3.51,3.7,3.46,3.66,60303,85898.163,1.0
2012-07-20,3.6,3.77,3.6,3.66,35070,50724.859,1.0
2012-07-23,3.62,3.76,3.57,3.68,26302,38056.971,1.0
2012-07-24,3.65,3.74,3.62,3.7,22849,33006.256,1.0
2012-07-25,3.67,3.69,3.58,3.6,37376,53015.328,1.0
2012-07-26,3.6,3.65,3.55,3.56,26205,37034.142,1.0
2012-07-27,3.55,3.63,3.55,3.56,20683,29183.623,1.0
2012-07-30,3.58,3.72,3.55,3.63,24820,35425.915,1.0
2012-07-31,3.56,3.6,3.45,3.47,16735,23117.778,1.0
2012-08-01,3.47,3.74,3.47,3.74,39718,57059.844,1.0
2012-08-02,3.71,3.77,3.66,3.77,43126,62999.386,1.0
2012-08-03,3.76,3.92,3.76,3.86,53861,81045.865,1.0
2012-08-06,3.79,3.97,3.79,3.91,38272,58416.493,1.0
2012-08-07,3.92,4.05,3.85,3.87,51870,79902.606,1.0
2012-08-08,3.85,3.98,3.8,3.95,30777,46518.967,1.0
2012-08-09,3.92,3.96,3.81,3.93,30424,46093.802,1.0
2012-08-10,3.92,3.94,3.84,3.92,17053,25915.487,1.0
2012-08-13,3.92,3.92,3.8,3.82,23868,35986.372,1.0
2012-08-14,3.82,3.9,3.72,3.9,25636,38259.337,1.0
2012-08-15,3.9,3.93,3.75,3.8,29215,43956.579,1.0
2012-08-16,3.78,3.8,3.69,3.73,16874,24695.91,1.0
2012-08-17,3.71,3.78,3.67,3.77,20745,30352.612,1.0
2012-08-20,3.75,3.9,3.69,3.83,16957,25305.571,1.0
2012-08-21,3.84,4.0,3.81,4.0,42877,65923.817,1.0
2012-08-22,3.99,4.07,3.9,3.94,26225,40784.584,1.0
2012-08-23,3.93,3.99,3.87,3.93,19106,29251.209,1.0
2012-08-24,3.92,3.95,3.76,3.76,15225,22854.87,1.0
2012-08-27,3.73,3.87,3.56,3.78,24619,35915.998,1.0
2012-08-28,3.72,3.83,3.64,3.7,26902,39535.28,1.0
2012-08-29,3.7,3.74,3.62,3.65,36534,52704.341,1.0
2012-08-30,3.66,3.66,3.34,3.38,49585,68487.204,1.0
2012-08-31,3.36,3.56,3.36,3.51,24925,33844.833,1.0
2012-09-03,3.51,3.88,3.45,3.75,34845,50430.067,1.0
2012-09-04,3.75,3.88,3.71,3.81,35283,52453.725,1.0
2012-09-05,3.73,3.84,3.72,3.75,35246,52011.685,1.0
2012-09-06,3.76,3.88,3.74,3.87,21038,31538.48,1.0
2012-09-07,3.9,4.1,3.89,4.03,43395,67641.344,1.0
2012-09-10,4.03,4.04,3.9,3.95,42720,66186.466,1.0
2012-09-11,3.93,4.16,3.92,4.15,57463,90109.679,1.0
2012-09-12,4.16,4.16,4.0,4.1,26480,41900.416,1.0
2012-09-13,4.1,4.13,3.98,3.98,16440,25927.521,1.0
2012-09-14,4.05,4.13,3.89,3.98,22448,34877.132,1.0
2012-09-17,3.98,3.99,3.86,3.87,17281,26367.954,1.0
2012-09-18,3.85,4.03,3.85,3.93,14823,22900.995,1.0
2012-09-19,3.88,4.0,3.83,3.9,15882,24115.737,1.0
2012-09-20,3.9,3.94,3.73,3.75,13102,19707.431,1.0
2012-09-21,3.76,3.83,3.73,3.76,23667,35050.1,1.0
2012-09-24,3.76,4.01,3.72,3.95,30118,45892.407,1.0
2012-09-25,3.97,4.02,3.76,3.78,22582,34421.842,1.0
2012-09-26,3.75,3.85,3.68,3.8,20803,30407.575,1.0
2012-09-27,3.8,3.93,3.73,3.84,24814,37351.07,1.0
2012-09-28,3.81,3.97,3.79,3.94,15730,23874.781,1.0
2012-10-08,3.93,3.99,3.87,3.95,9234,14156.443,1.0
2012-10-09,3.95,4.08,3.93,4.07,31641,49499.487,1.0
2012-10-10,4.06,4.08,3.98,4.07,20121,31653.527,1.0
2012-10-11,4.07,4.15,3.95,4.05,31158,49309.868,1.0
2012-10-12,4.06,4.24,3.95,4.0,17229,27235.256,1.0
2012-10-15,3.98,3.98,3.88,3.92,13887,21159.045,1.0
2012-10-16,3.93,4.1,3.89,4.07,16136,25329.179,1.0
2012-10-17,4.07,4.09,3.93,4.02,14327,22381.846,1.0
2012-10-18,4.05,4.17,4.02,4.14,18063,28939.649,1.0
2012-10-19,4.19,4.44,4.19,4.38,46514,78167.442,1.0
2012-10-22,4.39,4.53,4.33,4.51,36547,62889.41,1.0
2012-10-23,4.49,4.51,4.38,4.41,19658,33679.969,1.0
2012-10-24,4.35,4.42,4.28,4.32,17854,29892.339,1.0
2012-10-25,4.3,4.34,4.26,4.32,11724,19515.274,1.0
2012-10-26,4.29,4.32,4.15,4.16,20773,33779.421,1.0
2012-10-29,4.17,4.33,4.13,4.27,26590,43833.188,1.0
2012-10-30,4.26,4.38,4.24,4.34,25416,42673.814,1.0
2012-10-31,4.29,4.41,4.27,4.4,11540,19455.906,1.0
2012-11-01,4.41,4.56,4.37,4.46,19958,34381.072,1.0
2012-11-02,4.45,4.58,4.41,4.56,16166,28173.473,1.0
2012-11-05,4.56,4.56,4.4,4.4,15540,26658.517,1.0
2012-11-06,4.41,4.52,4.33,4.52,13374,22755.093,1.0
2012-11-07,4.49,4.55,4.44,4.45,11688,20329.011,1.0
2012-11-08,4.4,4.4,4.33,4.33,8083,13648.346,1.0
2012-11-09,4.31,4.42,4.25,4.28,9868,16560.267,1.0
2012-11-12,4.33,4.5,4.3,4.36,11041,18812.607,1.0
2012-11-13,4.34,4.47,4.3,4.46,13848,23610.217,1.0
2012-11-14,4.45,4.5,4.26,4.35,14264,23965.137,1.0
2012-11-15,4.35,4.35,4.13,4.16,19365,31798.304,1.0
2012-11-16,4.16,4.29,4.13,4.19,11609,18987.101,1.0
2012-11-19,4.17,4.3,4.12,4.2,15407,25063.873,1.0
2012-11-20,4.22,4.28,4.17,4.24,6472,10574.815,1.0
2012-11-21,4.25,4.26,4.11,4.23,7493,12117.988,1.0
2012-11-22,4.16,4.27,4.16,4.23,5823,9533.651,1.0
2012-11-23,4.23,4.42,4.2,4.35,14123,23640.999,1.0
2012-11-26,4.4,4.42,4.26,4.26,6938,11633.952,1.0
2012-11-27,4.28,4.28,4.01,4.01,22501,35879.774,1.0
2012-11-28,4.0,4.0,3.84,3.95,15862,24030.108,1.0
2012-11-29,3.95,4.03,3.93,4.01,7786,12118.618,1.0
2012-11-30,3.98,4.15,3.97,4.08,6762,10769.324,1.0
2012-12-03,4.05,4.1,3.87,3.95,8372,12824.978,1.0
2012-12-04,3.9,3.99,3.87,3.95,7586,11571.962,1.0
2012-12-05,3.91,4.15,3.91,4.1,14868,23686.844,1.0
2012-12-06,4.06,4.12,3.89,4.06,16067,24821.002,1.0
2012-12-07,4.01,4.18,3.93,4.15,11901,19042.285,1.0
2012-12-10,4.15,4.22,4.12,4.21,7749,12562.252,1.0
2012-12-11,4.22,4.22,4.06,4.08,7497,12001.044,1.0
2012-12-12,4.08,4.08,3.91,4.03,18973,29499.484,1.0
2012-12-13,3.98,4.03,3.9,3.91,7027,10813.146,1.0
2012-12-14,3.92,4.16,3.92,4.12,17821,28256.764,1.0
2012-12-17,4.12,4.14,4.03,4.07,10927,17349.96,1.0
2012-12-18,4.04,4.15,4.04,4.15,9578,15320.11,1.0
2012-12-19,4.17,4.31,4.17,4.26,11001,18177.911,1.0
2012-12-20,4.26,4.26,4.1,4.23,17727,28575.062,1.0
2012-12-21,4.18,4.27,4.13,4.23,8389,13696.346,1.0
2012-12-24,4.24,4.33,4.2,4.27,9869,16385.263,1.0
2012-12-25,4.27,4.48,4.23,4.35,15534,26266.841,1.0
2012-12-26,4.31,4.46,4.28,4.45,17521,29400.03,1.0
2012-12-27,4.4,4.44,4.23,4.24,28179,46837.705,1.0
2012-12-28,4.25,4.28,4.09,4.19,35944,58272.677,1.0
2012-12-31,4.2,4.42,4.2,4.34,40868,68702.193,1.0
2013-01-04,4.35,4.39,4.21,4.38,29832,49659.6,1.0
2013-01-07,4.33,4.42,4.23,4.29,32440,54315.093,1.0
2013-01-08,4.32,4.53,4.3,4.5,40432,69038.716,1.0
2013-01-09,4.48,4.7,4.42,4.7,52260,91677.355,1.0
2013-01-10,4.63,4.7,4.57,4.65,61877,110282.985,1.0
2013-01-11,4.62,4.67,4.5,4.5,35374,62296.847,1.0
2013-01-14,4.48,4.7,4.46,4.62,23141,41292.108,1.0
2013-01-15,4.6,4.84,4.58,4.75,45498,82311.741,1.0
2013-01-16,4.71,4.77,4.57,4.67,40020,72130.872,1.0
2013-01-17,4.67,4.91,4.66,4.85,40923,75195.798,1.0
2013-01-18,4.81,4.9,4.66,4.8,57077,104838.998,1.0
2013-01-21,4.82,5.06,4.79,5.06,32078,61388.572,1.0
2013-01-22,5.03,5.03,4.87,4.92,32111,60643.81,1.0
2013-01-23,4.89,5.08,4.79,4.91,20508,39001.428,1.0
2013-01-24,4.92,5.0,4.72,4.93,29012,53910.94,1.0
2013-01-25,4.92,5.0,4.87,4.97,21935,41572.382,1.0
2013-01-28,4.98,5.13,4.91,5.08,20873,40425.834,1.0
2013-01-29,5.09,5.37,5.06,5.27,28615,57409.326,1.0
2013-01-30,5.27,5.27,5.17,5.23,14971,29809.561,1.0
2013-01-31,5.18,5.23,5.04,5.08,17580,34311.037,1.0
2013-02-01,5.09,5.14,5.0,5.09,11090,21632.479,1.0
2013-02-04,5.09,5.09,4.83,4.85,33791,63423.207,1.0
2013-02-05,4.82,4.93,4.76,4.87,17158,32159.837,1.0
2013-02-06,4.87,5.05,4.85,4.92,14341,27180.578,1.0
2013-02-07,4.92,5.13,4.83,5.12,18644,35848.624,1.0
2013-02-08,5.14,5.23,5.09,5.14,11717,23186.028,1.0
2013-02-18,5.18,5.38,5.17,5.3,26485,53441.96,1.0
2013-02-19,5.28,5.33,5.08,5.17,11393,22473.69,1.0
2013-02-20,5.09,5.4,5.09,5.38,15077,30499.47,1.0
2013-02-21,5.29,5.58,5.15,5.38,27842,57337.932,1.0
2013-02-22,5.31,5.59,5.29,5.53,16468,34465.417,1.0
2013-02-25,5.53,5.77,5.49,5.5,17367,37028.189,1.0
2013-02-26,5.41,5.83,5.41,5.72,34755,75264.222,1.0
2013-02-27,5.7,5.74,5.45,5.63,24280,51599.218,1.0
2013-02-28,5.7,5.73,5.43,5.68,27093,57343.963,1.0
2013-03-01,5.72,5.72,5.55,5.61,19904,42670.246,1.0
2013-03-04,5.6,5.6,5.17,5.36,27322,56065.278,1.0
2013-03-05,5.37,5.58,5.23,5.58,20602,42672.432,1.0
2013-03-06,5.58,5.86,5.58,5.8,27575,60482.248,1.0
2013-03-07,5.86,5.86,5.62,5.72,16899,36838.296,1.0
2013-03-08,5.72,5.82,5.52,5.54,13265,28654.846,1.0
2013-03-11,5.51,5.63,5.35,5.62,15163,31877.434,1.0
2013-03-12,5.51,5.58,5.2,5.38,18295,37346.325,1.0
2013-03-13,5.36,5.36,5.2,5.29,7182,14441.265,1.0
2013-03-14,5.28,5.37,5.23,5.35,7220,14674.084,1.0
2013-03-15,5.36,5.55,5.17,5.47,15120,31291.092,1.0
2013-03-18,5.45,5.7,5.35,5.61,8487,17994.048,1.0
2013-03-19,5.62,5.71,5.51,5.55,13584,29009.595,1.0
2013-03-20,5.55,5.76,5.54,5.75,8374,18125.781,1.0
2013-03-21,5.75,5.88,5.7,5.8,9737,21502.169,1.0
2013-03-22,5.78,5.83,5.58,5.8,11679,25272.878,1.0
2013-03-25,5.79,5.8,5.62,5.64,11406,24658.886,1.0
2013-03-26,5.6,5.69,5.48,5.53,10139,21350.91,1.0
2013-03-27,5.53,5.67,5.52,5.63,8443,17970.518,1.0
2013-03-28,5.63,5.66,5.04,5.63,14534,30583.261,1.0
2013-03-29,5.66,5.66,5.45,5.53,7948,16756.261,1.0
2013-04-01,5.53,5.84,5.51,5.76,14567,31783.117,1.0
2013-04-02,5.77,5.83,5.31,5.32,14426,30523.205,1.0
2013-04-03,5.32,5.71,5.32,5.71,27824,58647.999,1.0
2013-04-08,5.65,6.28,5.59,6.17,26331,59706.387,1.0
2013-04-09,6.07,6.4,6.01,6.25,16028,37976.341,1.0
2013-04-10,6.18,6.25,5.98,6.15,14557,33724.064,1.0
2013-04-11,6.2,6.23,5.99,6.08,10585,24354.884,1.0
2013-04-12,6.03,6.16,5.97,6.12,15761,36368.473,1.0
2013-04-15,6.08,6.56,6.07,6.56,30950,74280.29,1.0
2013-04-16,6.57,6.83,6.43,6.68,22611,56251.818,1.0
2013-04-17,6.62,7.05,6.57,6.95,38482,98270.647,1.0
2013-04-18,6.87,7.1,6.7,6.71,37885,98477.003,1.0
2013-04-19,6.68,6.92,6.67,6.82,19581,50293.635,1.0
2013-04-22,6.73,7.45,6.72,7.37,43772,118949.245,1.0
2013-04-23,7.31,7.31,6.81,6.84,72700,193377.559,1.0
2013-04-24,6.85,7.31,6.85,7.23,57400,154546.357,1.0
2013-04-25,7.25,7.33,6.7,6.73,51170,135141.881,1.0
2013-04-26,6.76,6.94,6.46,6.48,42989,107119.347,1.0
2013-05-02,6.45,7.07,6.34,6.99,54354,138605.788,1.0
2013-05-03,7.06,7.69,7.03,7.68,58924,161058.619,1.0
2013-05-06,7.67,7.76,7.4,7.5,69128,195291.29,1.0
2013-05-07,7.45,7.67,7.18,7.33,79541,146568.006,1.0
2013-05-08,7.38,8.07,7.33,7.91,106469,203799.946,1.0
2013-05-09,7.76,7.84,7.54,7.65,113391,216548.743,1.0
2013-05-10,7.54,7.54,6.99,7.1,95635,172960.931,1.0
2013-05-13,7.1,7.36,6.99,7.32,65436,117497.774,1.0
2013-05-14,7.23,7.26,6.8,6.9,56744,99568.005,1.0
2013-05-15,6.93,7.3,6.89,7.25,92756,163881.954,1.0
2013-05-16,7.5,8.0,7.49,7.8,255372,495238.336,1.0
2013-05-17,7.65,8.61,7.61,8.61,174521,357182.72,1.0
2013-05-20,8.65,9.2,8.21,9.06,156970,341419.952,1.0
2013-05-21,8.86,9.65,8.76,9.4,88642,200498.021,1.0
2013-05-22,9.2,9.2,8.48,8.82,100625,221702.993,1.0
2013-05-23,8.83,9.36,8.83,9.19,105905,239232.808,1.0
2013-05-24,9.19,10.12,9.02,9.84,118430,279894.592,1.0
2013-05-27,9.73,10.26,9.64,9.88,103625,256750.89,1.0
2013-07-30,10.89,10.89,10.89,10.89,79741,214265.007,1.0
2013-07-31,11.36,11.9,10.4,11.46,173165,477170.448,1.0
2013-08-01,11.14,12.63,11.14,12.63,116619,350783.088,1.0
2013-08-02,13.32,13.35,12.42,12.5,156798,498947.152,1.0
2013-08-05,12.36,12.66,12.08,12.28,92943,283635.968,1.0
2013-08-06,12.2,12.88,12.18,12.62,134181,413651.664,1.0
2013-08-07,12.41,12.53,11.84,12.09,83889,250373.838,1.0
2013-08-08,11.98,12.36,11.68,11.9,52479,155385.6,1.0
2013-08-09,11.92,12.35,11.51,12.15,73752,216350.216,1.0
2013-08-12,11.95,12.2,11.11,11.66,70746,202393.74,1.0
2013-08-13,11.49,12.09,11.2,11.57,40881,117869.366,1.0
2013-08-14,11.66,12.05,11.3,11.88,42312,122436.048,1.0
2013-08-15,11.56,12.48,11.53,11.85,43557,129639.733,1.0
2013-08-16,11.7,12.4,11.31,11.4,38911,113667.62,1.0
2013-08-19,11.36,12.32,11.3,12.1,51442,151309.355,1.0
2013-08-20,12.06,12.4,11.65,11.78,46702,136724.188,1.0
2013-08-21,11.85,12.07,11.68,11.77,32030,93486.739,1.0
2013-08-22,11.79,12.2,11.65,11.97,40572,119351.048,1.0
2013-08-23,12.02,13.2,11.89,13.2,118284,375826.976,1.0
2013-08-26,13.38,14.23,13.21,13.86,103521,346836.992,1.0
2013-08-27,13.57,13.83,13.17,13.75,60576,200558.573,1.0
2013-08-28,13.65,14.28,13.2,13.2,67559,228425.517,1.0
2013-08-29,12.95,13.95,12.78,13.85,53335,177400.891,1.0
2013-08-30,13.74,13.74,12.61,13.24,40919,132461.27,1.0
2013-09-02,13.03,13.63,12.8,13.23,34785,112308.93,1.0
2013-09-03,13.45,14.07,13.28,13.63,42810,143705.361,1.0
2013-09-04,13.67,13.97,13.07,13.93,52604,174745.193,1.0
2013-09-05,13.57,14.9,13.57,14.66,91496,323773.408,1.0
2013-09-06,14.45,14.7,13.97,14.36,54313,191349.684,1.0
2013-09-09,14.24,14.24,13.54,13.86,52999,179948.094,1.0
2013-09-10,13.68,13.86,13.1,13.4,42563,139597.914,1.0
2013-09-11,13.32,13.32,12.04,12.44,51008,157211.165,1.0
2013-09-12,12.44,13.02,12.22,12.6,32948,102279.244,1.0
2013-09-13,12.49,13.82,12.26,13.57,42662,137053.329,1.0
2013-09-16,13.57,14.77,13.57,14.05,76965,268461.968,1.0
2013-09-17,14.23,14.38,13.57,14.1,48546,166264.453,1.0
2013-09-18,13.88,14.68,13.57,14.24,54220,190339.26,1.0
2013-09-23,14.07,15.7,13.82,15.7,62638,231315.67,1.0
2013-09-24,15.86,16.48,15.1,16.31,107660,420258.672,1.0
2013-09-25,15.82,16.77,15.7,15.92,90393,357495.648,1.0
2013-09-26,15.64,15.9,14.97,15.24,81487,304572.24,1.0
2013-09-27,15.18,15.94,14.37,15.68,87929,328479.472,1.0
2013-09-30,15.7,17.13,15.31,16.57,86668,347934.816,1.0
2013-10-08,16.06,16.47,15.43,15.94,70505,276406.448,1.0
2013-10-09,15.78,16.42,15.45,16.04,74429,290768.272,1.0
2013-10-10,16.04,16.05,14.4,14.76,125579,460650.624,1.0
2013-10-11,14.82,14.82,13.29,13.7,170126,576845.888,1.0
2013-10-14,13.65,14.06,13.47,13.94,79893,270724.8,1.0
2013-10-15,13.95,14.36,13.27,13.7,85793,293684.576,1.0
2013-10-16,13.66,13.66,12.35,12.68,140666,435443.824,1.0
2013-10-17,12.61,13.24,12.38,13.07,89911,283030.304,1.0
2013-10-18,13.02,13.86,12.95,13.61,58204,194085.483,1.0
2013-10-21,13.65,14.45,13.1,14.15,103676,346169.392,1.0
2013-10-22,13.87,13.98,12.71,12.89,130910,419775.584,1.0
2013-10-23,12.7,13.31,12.16,13.06,53293,169863.618,1.0
2013-10-24,12.95,13.43,12.4,12.68,50145,159790.245,1.0
2013-11-05,11.38,12.55,11.38,12.51,112669,329006.4,1.0
2013-11-06,12.2,13.13,12.03,12.2,66096,204876.04,1.0
2013-11-07,12.21,12.65,11.64,12.2,24891,74862.303,1.0
2013-11-08,11.78,12.55,11.78,12.2,22037,66627.616,1.0
2013-11-13,12.2,12.53,11.0,12.07,60796,177173.651,1.0
2013-11-14,11.78,12.66,11.45,12.5,62405,187787.584,1.0
2013-11-15,12.44,12.89,12.29,12.45,50960,157954.698,1.0
2013-11-18,12.56,12.71,12.32,12.43,41213,126856.925,1.0
2013-11-19,12.48,13.07,12.36,12.67,50874,159613.229,1.0
2013-11-20,12.7,12.86,12.27,12.45,37383,114689.649,1.0
2013-11-21,12.33,12.54,12.1,12.32,51737,156810.679,1.0
2013-11-22,12.27,12.27,11.84,11.97,54402,160683.754,1.0
2013-11-25,11.9,12.12,11.73,11.83,36453,106750.687,1.0
2013-11-26,11.74,11.92,11.2,11.27,59000,165801.086,1.0
2013-11-27,11.27,12.4,11.24,11.97,77484,226858.215,1.0
2013-11-28,12.28,12.53,12.1,12.39,70523,213543.552,1.0
2013-11-29,12.4,13.4,12.32,13.03,79908,252701.815,1.0
2013-12-02,12.2,13.76,11.83,12.51,117392,368585.44,1.0
2013-12-03,12.18,12.39,11.23,12.08,63383,186377.397,1.0
2013-12-04,12.03,12.76,11.82,12.13,60411,184804.01,1.0
2013-12-05,11.97,12.19,11.21,11.51,60888,174360.942,1.0
2013-12-06,11.3,11.86,11.07,11.5,41631,117179.182,1.0
2013-12-09,11.93,12.15,11.52,12.08,75676,221173.403,1.0
2013-12-10,12.0,12.17,11.74,11.98,43182,126692.265,1.0
2013-12-11,11.8,12.56,11.61,12.27,57583,172631.795,1.0
2013-12-12,12.22,13.53,12.09,13.27,98885,319205.44,1.0
2013-12-13,13.07,13.55,12.74,12.99,61378,197758.283,1.0
2013-12-16,13.03,13.43,12.44,12.71,55811,176667.441,1.0
2013-12-17,12.7,12.82,12.15,12.52,41726,126780.055,1.0
2013-12-18,12.42,12.42,11.24,12.15,33663,99813.489,1.0
2013-12-19,12.03,12.93,11.99,12.19,52776,162380.936,1.0
2013-12-20,12.24,12.44,11.95,12.28,21531,64690.945,1.0
2013-12-23,12.04,12.24,11.45,12.16,47475,137767.674,1.0
2013-12-24,11.97,12.26,11.77,12.0,23120,68493.865,1.0
2013-12-25,12.11,12.43,11.95,12.4,35025,105487.09,1.0
2013-12-26,12.35,12.61,12.19,12.2,37995,116217.997,1.0
2013-12-27,12.11,12.38,12.03,12.22,33936,102190.417,1.0
2013-12-30,12.2,12.74,12.15,12.5,30853,94283.407,1.0
2013-12-31,12.64,13.24,12.5,12.99,52052,165467.226,1.0
2014-01-02,12.98,13.23,12.68,13.12,37540,119760.173,1.0
2014-01-03,13.13,13.53,12.9,13.4,70167,228415.5,1.0
2014-01-06,13.26,13.31,12.56,12.58,54310,172383.87,1.0
2014-01-07,12.43,12.75,12.37,12.57,40782,126212.375,1.0
2014-01-08,12.87,13.86,12.86,13.86,162289,548000.704,1.0
2014-01-09,13.86,14.74,13.86,14.07,144021,504010.368,1.0
2014-01-10,14.03,14.44,13.81,13.86,72150,249000.701,1.0
2014-01-13,13.86,14.65,13.53,14.15,97907,341037.6,1.0
2014-01-14,14.07,14.41,13.99,14.26,72086,251673.084,1.0
2014-01-15,14.15,14.81,14.08,14.81,73460,262998.125,1.0
2014-01-16,14.62,15.04,13.86,13.99,100658,353622.224,1.0
2014-01-17,13.92,14.4,13.86,13.86,64324,223062.732,1.0
2014-01-20,13.7,14.32,13.45,13.99,72549,249279.638,1.0
2014-01-21,14.05,15.42,14.05,15.41,107259,394537.456,1.0
2014-01-22,15.18,16.15,15.12,15.96,95075,368463.056,1.0
2014-01-23,15.9,16.99,15.53,16.15,84742,339456.096,1.0
2014-01-24,16.15,16.85,15.6,16.4,69096,277174.384,1.0
2014-01-27,15.95,16.74,15.6,15.77,69498,272220.352,1.0
2014-01-28,15.77,15.9,14.98,15.45,68316,255183.662,1.0
2014-01-29,15.57,15.73,15.28,15.65,53491,203475.842,1.0
2014-01-30,15.63,16.57,15.53,16.2,53644,212877.385,1.0
2014-02-07,16.18,16.67,15.99,16.39,38343,153142.053,1.0
2014-02-10,16.4,16.51,15.95,16.15,53831,212766.723,1.0
2014-02-11,16.23,16.23,14.7,15.31,91001,342134.176,1.0
2014-02-12,15.11,15.15,14.39,14.92,76264,275931.36,1.0
2014-02-13,14.99,14.99,14.03,14.13,67499,238276.989,1.0
2014-02-14,14.08,14.6,14.07,14.49,48743,172536.424,1.0
2014-02-17,14.52,14.77,14.27,14.72,55984,198875.929,1.0
2014-02-18,14.61,14.66,14.2,14.24,32949,115537.003,1.0
2014-02-19,14.12,14.12,13.65,13.99,56143,191049.576,1.0
2014-02-20,14.0,14.52,13.62,14.25,65026,223070.145,1.0
2014-02-21,14.25,14.53,14.1,14.52,39273,138334.604,1.0
2014-02-24,14.38,14.72,14.32,14.54,43021,153145.877,1.0
2014-02-25,14.74,15.73,14.49,14.87,103294,382341.232,1.0
2014-02-26,14.86,15.56,14.2,15.32,79189,291867.44,1.0
2014-02-27,15.28,15.92,13.76,14.3,76888,285590.976,1.0
2014-02-28,13.89,14.06,12.84,13.86,114410,370597.52,1.0
2014-03-03,13.4,13.47,12.86,13.1,93344,301450.64,1.0
2014-03-04,12.94,13.43,12.9,13.15,48820,158371.335,1.0
2014-03-05,13.13,13.23,12.61,12.65,55681,174535.409,1.0
2014-03-06,12.65,12.65,11.93,12.37,76393,230087.495,1.0
2014-03-07,12.38,12.93,12.32,12.76,58458,181723.825,1.0
2014-03-10,12.49,12.49,11.99,12.25,61531,183790.124,1.0
2014-03-11,12.12,12.24,12.07,12.07,38822,115833.034,1.0
2014-03-12,12.09,12.49,12.08,12.3,31988,97025.234,1.0
2014-03-13,12.4,12.73,12.2,12.7,36219,111584.585,1.0
2014-03-14,12.54,13.24,12.48,12.88,40920,130534.427,1.0
2014-03-17,12.85,13.22,12.76,13.08,27882,89228.013,1.0
2014-03-18,13.4,13.4,12.76,12.97,41811,133119.107,1.0
2014-03-19,12.82,12.82,11.95,12.17,88154,264028.294,1.0
2014-03-20,12.06,12.07,10.92,10.92,149503,417206.848,1.0
2014-03-21,10.69,10.85,10.44,10.78,118203,310548.88,1.0
2014-03-24,10.69,10.71,10.33,10.4,102329,264751.12,1.0
2014-03-25,10.35,10.67,10.28,10.65,76534,199531.649,1.0
2014-03-26,10.53,10.89,10.4,10.88,83737,221415.031,1.0
2014-03-27,10.9,10.9,9.76,9.86,144350,362247.296,1.0
2014-03-28,9.75,9.88,9.29,9.61,116342,275573.728,1.0
2014-03-31,9.66,9.68,9.4,9.51,72704,172199.058,1.0
2014-04-01,9.51,10.29,9.48,10.13,121581,299158.448,1.0
2014-04-02,10.13,10.33,9.95,10.18,112066,280216.336,1.0
2014-04-03,10.19,10.28,10.01,10.14,56721,142411.617,1.0
2014-04-04,10.11,10.65,9.88,10.58,99685,252091.985,1.0
2014-04-08,10.34,10.47,10.1,10.41,105725,268542.352,1.0
2014-04-09,10.36,10.77,10.36,10.46,88666,231329.24,1.0
2014-04-10,10.5,10.65,10.34,10.57,68570,178458.054,1.0
2014-04-11,10.42,10.5,10.2,10.36,58338,149199.882,1.0
2014-04-14,10.36,10.47,10.28,10.42,42573,109238.792,1.0
2014-04-15,10.33,10.35,9.94,10.07,54156,135834.645,1.0
2014-04-16,10.09,10.22,9.99,10.15,33398,83484.298,1.0
2014-04-17,10.22,10.43,10.14,10.27,49887,126777.183,1.0
2014-04-18,10.24,10.33,10.2,10.28,21049,53349.575,1.0
2014-04-21,10.15,10.5,10.12,10.3,35536,90970.222,1.0
2014-04-23,10.02,10.03,9.78,9.87,40078,98107.328,1.0
2014-04-24,9.87,9.9,9.24,9.52,72147,169616.812,1.0
2014-04-25,9.37,9.69,9.31,9.49,38889,91346.087,1.0
2014-04-28,9.33,9.74,9.33,9.45,61400,145120.041,1.0
2014-04-29,9.37,9.97,9.37,9.96,65125,158206.335,1.0
2014-04-30,9.97,10.86,9.93,10.61,83757,217213.786,1.0
2014-05-05,10.53,10.81,10.44,10.63,58554,153030.988,1.0
2014-05-06,10.69,10.73,10.45,10.57,64626,169086.655,1.0
2014-05-07,10.51,10.52,10.0,10.0,41384,104787.039,1.0
2014-05-08,9.95,10.26,9.84,9.85,38512,95527.888,1.0
2014-05-09,9.95,10.0,9.48,9.88,49797,120042.847,1.0
2014-05-12,9.87,10.26,9.7,10.22,41306,102274.259,1.0
2014-05-13,10.25,10.49,10.15,10.26,44012,112234.33,1.0
2014-05-14,10.28,10.32,10.03,10.14,18102,45419.912,1.0
2014-05-15,10.15,10.59,10.1,10.4,85573,220803.315,1.0
2014-05-16,10.45,10.53,9.99,10.19,47520,121107.825,1.0
2014-05-19,10.1,10.4,9.7,10.1,44414,110255.331,1.0
2014-05-20,10.16,10.53,10.16,10.25,48556,124388.002,1.0
2014-05-21,10.25,10.69,10.11,10.68,61025,158207.817,1.0
2014-05-22,10.68,11.53,10.68,10.9,136462,372732.48,1.0
2014-05-23,10.84,11.5,10.72,11.35,105921,291343.456,1.0
2014-05-26,11.28,11.72,11.24,11.33,78447,221144.583,1.0
2014-05-27,11.3,11.47,11.18,11.24,41410,115443.136,1.0
2014-05-28,11.24,12.19,11.24,12.0,114431,329054.944,1.0
2014-05-29,11.9,12.18,11.53,11.61,79417,230967.881,1.0
2014-05-30,11.58,11.75,11.32,11.69,50280,142703.135,1.0
2014-06-03,11.53,12.15,11.49,11.96,66508,195959.516,1.0
2014-06-04,11.86,11.95,11.63,11.72,65811,190430.446,1.0
2014-06-05,11.77,12.4,11.67,12.3,83578,250423.7,1.0
2014-06-06,12.43,12.46,11.88,12.21,58711,175764.372,1.0
2014-06-09,12.11,12.28,11.57,11.63,61174,178739.747,1.0
2014-06-10,11.64,12.34,11.36,12.33,76091,223754.534,1.0
2014-06-11,12.01,12.6,12.0,12.47,60477,183116.778,1.0
2014-06-12,12.4,12.8,12.33,12.62,77040,239410.959,1.0
2014-06-13,12.63,13.01,12.43,12.96,54770,171712.93,1.0
2014-06-16,12.9,13.23,12.68,12.85,49620,157290.861,1.0
2014-06-17,12.82,12.83,12.22,12.63,49991,153272.682,1.0
2014-06-18,12.53,12.7,12.05,12.2,52134,156809.578,1.0
2014-06-19,12.17,12.35,11.54,11.72,49503,145121.362,1.0
2014-06-20,11.73,12.27,11.73,11.88,56834,167081.307,1.0
2014-06-23,11.95,12.67,11.88,12.46,49692,151229.423,1.0
2014-06-24,12.58,12.99,12.45,12.8,40564,127424.981,1.0
2014-06-25,12.8,12.83,12.4,12.6,33816,104225.437,1.0
2014-06-26,12.5,13.13,12.5,12.89,36148,114873.557,1.0
2014-06-27,12.91,13.06,12.75,12.9,34052,108063.694,1.0
2014-06-30,12.76,13.03,12.43,13.03,32410,101529.295,1.0
2014-07-01,13.17,13.17,12.59,12.64,53543,167276.731,1.0
2014-07-02,12.68,12.73,12.22,12.42,55552,169430.516,1.0
2014-07-03,12.4,12.55,12.16,12.23,36669,110914.241,1.0
2014-07-04,12.28,12.34,12.03,12.33,31696,94636.678,1.0
2014-07-07,12.33,12.38,11.82,12.07,55088,162360.444,1.0
2014-07-08,12.03,12.53,11.85,12.5,61340,185033.508,1.0
2014-07-09,12.42,12.55,11.8,11.86,54078,160323.053,1.0
2014-10-09,13.08,13.08,13.08,13.08,1262,4047.052,1.0
2014-10-10,14.42,14.42,13.54,14.27,283571,970721.952,1.0
2014-10-13,14.09,14.12,13.63,13.75,143962,489533.392,1.0
2014-10-14,13.57,14.12,13.57,13.6,95972,326266.576,1.0
2014-10-15,13.73,13.87,13.62,13.8,49763,167827.59,1.0
2014-10-16,13.79,13.79,13.2,13.55,139090,459203.68,1.0
2014-10-17,13.42,13.46,13.31,13.32,40502,132923.544,1.0
2014-10-20,13.44,13.44,13.09,13.17,60405,195498.851,1.0
2014-10-21,13.15,13.16,12.79,12.98,65251,207118.326,1.0
2014-10-22,12.9,13.22,12.9,13.11,61053,195983.929,1.0
2014-10-23,13.1,13.32,12.96,13.0,50006,161476.713,1.0
2014-10-24,13.25,13.33,12.95,12.96,34772,111969.917,1.0
2014-10-27,12.74,12.75,12.3,12.75,55737,171068.504,1.0
2014-10-28,12.75,13.28,12.68,13.14,57026,183160.951,1.0
2014-10-29,13.15,13.25,13.03,13.09,46516,149584.312,1.0
2014-10-30,13.16,13.21,12.97,13.01,42621,136657.314,1.0
2014-10-31,13.01,13.08,12.4,12.53,79667,246697.914,1.0
2014-11-03,12.58,12.79,12.46,12.75,65831,204332.575,1.0
2014-11-04,12.75,12.79,12.51,12.55,29655,91687.127,1.0
2014-11-05,12.37,12.69,12.37,12.44,34745,106824.294,1.0
2014-11-06,12.44,13.0,12.44,12.81,75202,236826.293,1.0
2014-11-07,12.83,13.68,12.81,13.3,136232,447148.336,1.0
2014-11-10,13.24,13.52,13.0,13.04,52757,170001.785,1.0
2014-11-11,13.08,13.14,12.4,12.43,96865,299377.392,1.0
2014-11-12,12.38,12.65,11.92,12.09,83837,248926.289,1.0
2014-11-13,12.09,12.09,11.25,11.29,121510,343744.096,1.0
2014-11-14,11.33,11.54,11.17,11.3,49764,139619.162,1.0
2014-11-17,11.3,12.05,11.22,11.88,78088,226319.934,1.0
2014-11-18,11.88,12.4,11.88,12.28,63306,190579.039,1.0
2014-11-19,12.51,13.05,12.01,12.28,87542,266987.31,1.0
2014-11-20,11.96,12.12,11.72,11.91,43886,127775.514,1.0
2014-11-21,11.96,12.18,11.8,12.12,40957,120852.603,1.0
2014-11-24,12.31,12.33,11.74,11.93,67829,198376.849,1.0
2014-11-25,11.92,12.1,11.81,12.05,57874,170739.966,1.0
2014-11-26,12.07,12.07,11.59,11.66,76219,221106.788,1.0
2014-11-27,11.71,11.84,11.54,11.63,58785,168898.527,1.0
2014-11-28,11.65,11.86,11.54,11.71,63062,181899.135,1.0
2014-12-01,11.65,11.65,11.22,11.39,89459,250659.744,1.0
2014-12-02,11.39,11.55,11.27,11.31,81770,228857.787,1.0
2014-12-03,11.44,12.28,11.34,12.27,196800,572416.272,1.0
2014-12-04,12.33,12.47,12.05,12.2,158026,474741.648,1.0
2014-12-05,12.2,12.21,11.37,11.47,155881,446604.336,1.0
2014-12-08,11.41,12.21,11.21,11.61,124114,357256.32,1.0
2014-12-09,11.41,11.95,11.2,11.32,167638,476597.152,1.0
2014-12-10,11.31,12.3,11.31,12.21,211625,623111.824,1.0
2014-12-11,12.29,12.58,12.06,12.21,145886,439870.8,1.0
2014-12-12,12.21,12.45,12.08,12.33,82672,249139.444,1.0
2014-12-15,12.38,12.46,12.21,12.37,84665,257121.389,1.0
2014-12-16,12.38,12.44,11.92,12.05,91731,272238.016,1.0
2014-12-17,12.0,12.29,11.7,12.11,89318,263140.221,1.0
2014-12-18,11.93,12.18,11.72,11.77,80187,234864.597,1.0
2014-12-19,11.72,11.79,11.3,11.46,70292,197825.795,1.0
2014-12-22,11.39,11.42,10.43,10.75,136314,366814.992,1.0
2014-12-23,10.84,11.34,10.75,10.84,71217,192732.127,1.0
2014-12-24,10.83,11.03,10.75,10.96,56076,150467.32,1.0
2014-12-25,10.96,11.07,10.54,10.65,88045,231640.55,1.0
2014-12-26,10.65,10.85,10.58,10.81,76332,201469.284,1.0
2014-12-29,10.8,11.02,10.48,10.72,84837,224164.339,1.0
2014-12-30,10.67,10.69,10.25,10.31,66566,171644.027,1.0
2014-12-31,10.23,10.31,9.9,10.16,77606,193134.714,1.0
2015-01-05,10.16,10.81,10.05,10.69,98808,255751.328,1.0
2015-01-06,10.55,11.62,10.51,11.44,141950,391468.688,1.0
2015-01-07,11.44,11.44,10.93,10.99,69487,191154.831,1.0
2015-01-08,11.05,11.23,10.73,11.04,79610,216082.279,1.0
2015-01-09,10.88,11.42,10.86,11.19,77320,214272.251,1.0
2015-01-12,11.13,11.7,11.09,11.52,80241,226565.415,1.0
2015-01-13,11.4,11.69,11.34,11.5,52988,150223.017,1.0
2015-01-14,11.46,11.59,11.21,11.24,32657,91113.033,1.0
2015-01-15,11.24,11.3,10.86,10.91,56973,154193.499,1.0
2015-01-16,10.88,11.28,10.87,11.13,63619,173718.822,1.0
2015-01-19,10.9,11.69,10.82,11.1,104484,290256.08,1.0
2015-01-20,11.4,11.8,10.98,11.8,132465,374638.496,1.0
2015-01-21,11.84,12.54,11.84,12.34,193795,583809.6,1.0
2015-01-22,12.34,12.49,12.16,12.46,104084,315016.736,1.0
2015-01-23,12.59,13.05,12.22,12.31,105466,328887.808,1.0
2015-01-26,12.32,12.71,12.32,12.53,69498,214568.556,1.0
2015-01-27,12.42,12.63,12.13,12.18,60861,184599.518,1.0
2015-01-28,12.13,12.69,12.05,12.21,88058,268281.346,1.0
2015-01-29,12.05,12.21,11.84,11.85,41991,123559.374,1.0
2015-01-30,11.8,11.95,11.57,11.61,46583,134033.087,1.0
2015-02-02,11.58,11.9,11.43,11.63,55507,159711.783,1.0
2015-02-03,11.75,12.12,11.63,12.09,69518,204933.42,1.0
2015-02-04,12.13,12.28,11.91,11.93,46563,137977.894,1.0
2015-02-05,11.93,12.46,11.68,12.02,123101,365414.416,1.0
2015-02-06,11.98,12.11,11.38,11.47,73419,210022.753,1.0
2015-02-09,11.38,11.42,10.95,11.05,83973,229863.529,1.0
2015-02-10,11.03,11.23,10.89,11.23,60462,164934.232,1.0
2015-02-11,11.24,11.42,11.2,11.27,60763,168913.885,1.0
2015-02-12,11.33,11.65,11.25,11.63,73913,209041.401,1.0
2015-02-13,11.75,12.19,11.63,12.03,105725,310295.696,1.0
2015-02-16,12.23,13.03,12.09,12.71,186395,580372.656,1.0
2015-02-17,12.86,12.9,12.26,12.45,88982,272740.72,1.0
2015-02-25,12.56,12.68,12.13,12.14,74438,226477.189,1.0
2015-02-26,12.1,12.45,11.97,12.45,81831,246884.371,1.0
2015-02-27,12.4,13.03,12.22,12.62,127934,398754.944,1.0
2015-03-02,12.62,12.92,12.34,12.8,129394,403876.096,1.0
2015-03-03,12.81,13.38,12.53,12.67,137869,440249.392,1.0
2015-03-04,12.54,13.97,12.46,13.71,233899,767888.576,1.0
2015-03-05,13.71,14.66,13.57,14.0,219672,762315.936,1.0
2015-03-06,13.88,13.95,13.37,13.62,81103,269606.976,1.0
2015-03-09,13.39,13.61,13.15,13.46,76951,251947.245,1.0
2015-03-10,13.39,14.55,13.33,13.99,92160,315714.912,1.0
2015-03-11,13.76,14.45,13.47,14.0,79787,273142.944,1.0
2015-03-12,13.99,14.48,13.3,13.82,77969,266470.83,1.0
2015-03-13,13.58,14.34,13.58,14.31,73595,253608.843,1.0
2015-03-16,14.36,14.96,14.16,14.9,106125,379205.504,1.0
2015-03-17,14.88,15.15,14.59,14.63,96454,348833.328,1.0
2015-03-18,14.91,15.23,14.48,14.95,150794,546452.848,1.0
2015-03-19,14.81,15.05,14.3,14.55,129840,463143.632,1.0
2015-03-20,14.34,14.77,14.26,14.56,133932,474880.048,1.0
2015-03-23,14.57,15.75,14.43,15.63,189728,697994.736,1.0
2015-03-24,15.65,15.74,14.97,15.42,150648,566922.24,1.0
2015-03-25,15.54,16.5,15.3,16.05,161583,634131.568,1.0
2015-03-26,16.0,16.75,15.56,16.05,161094,635222.496,1.0
2015-03-27,16.37,16.37,15.67,16.07,78769,307825.344,1.0
2015-03-30,15.96,16.13,15.37,15.85,99681,381620.336,1.0
2015-03-31,15.67,16.09,15.44,15.54,125945,483706.432,1.0
2015-04-01,15.59,15.87,15.47,15.75,98065,376187.328,1.0
2015-04-02,15.8,16.28,15.59,16.06,112615,438482.304,1.0
2015-04-03,15.95,16.3,15.73,15.93,97857,382540.208,1.0
2015-04-07,15.96,16.85,15.96,16.61,131414,527236.912,1.0
2015-04-08,16.66,16.74,15.13,15.71,124266,482971.68,1.0
2015-04-09,15.52,15.55,14.17,14.96,163041,587330.528,1.0
2015-04-10,14.72,15.3,14.63,15.08,87519,323146.592,1.0
2015-04-13,15.02,15.11,14.59,14.9,126474,459309.728,1.0
2015-04-14,14.9,14.92,14.55,14.8,104636,378458.96,1.0
2015-04-15,14.72,14.75,13.68,13.85,141046,486453.344,1.0
2015-04-16,13.67,14.23,13.6,13.93,117860,404122.592,1.0
2015-04-17,13.99,14.5,13.91,14.25,130429,452170.192,1.0
2015-04-20,14.21,14.21,13.61,13.8,110686,377198.08,1.0
2015-04-21,13.88,14.51,13.85,14.48,140653,493288.464,1.0
2015-04-22,14.59,14.8,14.51,14.71,155247,557590.464,1.0
2015-04-23,14.72,14.92,14.55,14.84,138957,501391.264,1.0
2015-04-24,14.55,14.71,14.14,14.37,118876,419585.792,1.0
2015-04-27,14.5,14.97,14.5,14.57,118824,427049.968,1.0
2015-04-28,14.63,14.79,14.02,14.15,87262,304518.16,1.0
2015-04-29,14.21,14.82,14.21,14.8,99411,353919.888,1.0
2015-04-30,14.93,15.75,14.82,15.26,172788,649274.416,1.0
2015-05-04,15.42,15.54,14.64,15.0,150488,369557.664,1.0
2015-05-05,14.93,15.0,14.11,14.26,138075,324715.856,1.0
2015-05-06,14.36,14.84,14.12,14.36,134357,318674.8,1.0
2015-05-07,14.36,14.68,14.02,14.38,96799,226692.427,1.0
2015-05-08,14.38,15.84,14.38,15.84,228262,567413.888,1.0
2015-05-15,17.46,17.46,15.85,17.4,453877,1268881.968,1.0
2015-05-18,17.24,19.11,16.66,18.55,326026,944605.84,1.0
2015-05-19,18.18,18.73,17.68,18.23,205013,603842.016,1.0
2015-05-20,18.23,20.08,18.23,18.79,214398,671268.736,1.0
2015-05-21,18.43,20.12,18.43,19.77,175362,553736.992,1.0
2015-05-22,19.77,20.25,18.48,19.53,225344,705612.768,1.0
2015-05-25,19.13,20.04,18.61,19.36,175108,552837.76,1.0
2015-05-26,19.43,20.42,19.37,20.27,185818,603812.064,1.0
2015-05-27,20.35,20.35,19.61,19.68,171177,550574.672,1.0
2015-05-28,19.68,21.67,19.44,19.44,260604,877101.168,1.0
2015-05-29,19.73,21.41,19.73,21.41,254675,861572.16,1.0
2015-06-01,22.59,23.58,21.81,23.58,185524,686318.688,1.0
2015-06-02,24.68,25.75,23.62,24.74,235145,938791.488,1.0
2015-06-03,24.61,25.15,23.18,25.07,207761,808901.92,1.0
2015-06-04,24.93,26.54,22.93,26.5,213600,844047.28,1.0
2015-06-05,25.99,26.93,24.23,25.33,227799,935707.68,1.0
2015-06-08,24.74,24.74,22.77,22.97,222098,832935.808,1.0
2015-06-09,22.78,23.29,21.62,22.86,250737,908305.184,1.0
2015-06-10,22.61,24.98,22.22,23.99,265294,1011414.0,1.0
2015-06-11,23.61,24.48,23.47,23.87,173164,670522.592,1.0
2015-06-12,24.05,25.07,23.73,24.33,169878,674681.392,1.0
2015-06-15,24.17,24.31,22.18,22.24,158276,593726.64,1.0
2015-06-16,21.99,22.14,20.48,21.36,100030,347730.96,1.0
2015-06-17,21.42,22.56,20.68,22.33,148062,522532.032,1.0
2015-06-18,21.93,22.55,20.81,20.89,129513,451289.424,1.0
2015-06-19,20.36,20.9,18.78,19.24,222327,700505.552,1.0
2015-06-23,18.86,19.91,18.36,19.89,165767,518014.912,1.0
2015-06-24,20.06,20.36,19.22,20.03,147044,474101.568,1.0
2015-06-25,20.03,20.04,18.68,19.08,161311,504053.888,1.0
2015-06-26,18.38,19.08,17.14,17.14,246254,703912.576,1.0
2015-06-29,17.55,17.55,15.41,15.41,241682,626679.888,1.0
2015-06-30,14.74,16.98,13.84,16.61,225942,572243.712,1.0
2015-07-01,17.29,18.3,17.24,17.48,339135,996409.92,1.0
2015-07-02,17.23,18.89,15.7,15.7,380711,1063709.072,1.0
2015-07-03,15.8,17.29,14.36,17.17,377706,1014914.864,1.0
2015-07-06,18.91,18.91,15.43,16.43,426736,1196746.304,1.0
2015-07-14,18.09,18.09,18.09,18.09,17195,50501.832,1.0
2015-07-15,19.36,19.74,16.26,16.26,402366,1152110.336,1.0
2015-07-16,15.3,17.53,14.62,16.63,293575,770966.096,1.0
2015-07-17,16.86,18.23,16.63,18.22,218862,625803.44,1.0
2015-07-20,18.21,20.07,18.19,19.84,377721,1197777.056,1.0
2015-07-21,19.43,21.74,19.12,21.64,332541,1129024.928,1.0
2015-07-22,21.3,23.52,20.43,21.61,321669,1143508.56,1.0
2015-07-23,21.93,21.96,20.49,21.74,250788,860208.864,1.0
2015-07-24,21.39,22.86,21.02,21.61,252362,896910.752,1.0
2015-07-27,20.99,23.55,20.09,20.21,380497,1366510.288,1.0
2015-07-28,18.74,21.61,18.16,19.99,328790,1052529.488,1.0
2015-07-29,20.43,22.01,20.19,22.01,390141,1332967.664,1.0
2015-07-30,22.24,23.55,21.68,21.89,390097,1430976.032,1.0
2015-07-31,21.44,22.55,20.55,21.11,286211,1002945.52,1.0
2015-08-03,20.43,20.98,18.98,18.98,262992,829883.232,1.0
2015-08-04,18.98,20.55,18.11,20.12,290957,911985.952,1.0
2015-08-05,19.61,20.08,18.18,18.49,217350,675972.496,1.0
2015-08-06,18.05,18.71,17.47,18.15,138519,410463.344,1.0
2015-08-07,18.36,19.3,18.06,18.99,155209,473874.496,1.0
2015-08-10,19.02,20.71,18.8,20.33,194418,628575.824,1.0
2015-08-11,20.11,20.73,19.8,20.28,175948,579223.392,1.0
2015-08-12,19.87,20.17,18.71,18.74,237920,750889.84,1.0
2015-08-13,18.49,19.41,18.18,19.33,141337,429004.352,1.0
2015-08-14,19.34,19.43,18.8,18.8,126333,391745.696,1.0
2015-08-17,18.49,18.66,17.61,18.39,167501,491168.496,1.0
2015-08-18,18.36,18.68,16.53,16.53,199255,570011.824,1.0
2015-08-19,15.86,17.33,15.73,17.16,179514,483556.752,1.0
2015-08-20,17.09,17.56,16.29,16.44,133433,367399.632,1.0
2015-08-21,16.21,16.8,15.06,15.09,116285,300051.536,1.0
2015-08-24,13.86,14.86,13.55,13.55,235353,524145.408,1.0
2015-08-25,12.36,13.41,12.17,12.17,224172,464610.64,1.0
2015-08-26,12.55,13.41,12.17,12.86,239160,506537.552,1.0
2015-08-27,13.19,13.97,12.75,13.8,226450,498402.24,1.0
2015-08-28,13.9,14.78,13.68,14.54,192177,441147.056,1.0
2015-08-31,14.43,15.61,14.13,15.58,250556,613298.112,1.0
2015-09-01,14.92,15.55,13.99,15.19,272578,652075.04,1.0
2015-09-02,13.65,15.33,13.65,14.59,245187,571701.216,1.0
2015-09-07,14.59,15.42,13.63,14.08,156939,378381.696,1.0
2015-09-08,13.93,15.03,13.1,14.75,124431,281704.448,1.0
2015-09-09,14.74,15.86,14.55,15.45,148253,370506.0,1.0
2015-09-10,15.06,17.01,14.98,16.43,143460,376271.056,1.0
2015-09-11,15.99,16.48,15.78,16.07,125483,328458.784,1.0
2015-09-14,16.18,16.39,14.44,14.44,128612,318725.264,1.0
2015-09-15,13.52,14.55,12.97,13.03,131012,290026.064,1.0
2015-09-16,13.39,14.36,12.97,14.36,87942,197371.404,1.0
2015-09-17,14.29,15.13,13.91,13.93,136560,325628.64,1.0
2015-09-18,14.11,15.04,14.11,14.96,86001,203596.064,1.0
2015-09-21,14.61,15.55,14.52,15.41,144227,357735.424,1.0
2015-09-22,15.64,15.64,14.26,15.02,170700,414974.608,1.0
2015-09-23,14.36,15.5,14.29,15.27,136150,330112.432,1.0
2015-09-24,15.43,15.71,15.06,15.55,152675,384366.8,1.0
2015-09-25,15.46,15.61,14.36,14.46,103095,251160.518,1.0
2015-09-28,14.72,15.53,14.03,15.36,102634,249429.504,1.0
2015-09-29,15.0,15.83,14.78,15.5,122730,307590.208,1.0
2015-09-30,15.56,15.76,14.74,14.99,77380,190831.008,1.0
2015-10-08,15.55,16.51,15.55,16.51,91770,241198.415,1.0
2015-10-09,16.66,16.83,16.19,16.33,165424,443491.2,1.0
2015-10-12,16.39,17.35,16.38,16.97,133040,366520.448,1.0
2015-10-13,16.63,17.58,16.48,17.32,131886,365822.048,1.0
2015-10-14,17.14,17.35,16.63,16.73,96794,267591.936,1.0
2015-10-15,16.31,16.59,15.58,16.43,370040,967013.52,1.0
2015-10-16,16.43,16.53,15.89,16.28,269566,710185.888,1.0
2015-10-19,16.43,16.77,15.81,16.18,221818,587384.784,1.0
2015-10-20,16.33,17.07,16.02,16.88,260815,701687.952,1.0
2015-10-21,16.86,16.87,15.23,15.24,234304,612862.768,1.0
2015-10-22,15.32,15.8,15.04,15.64,172662,434472.976,1.0
2015-10-23,15.93,16.28,15.69,16.24,159368,415981.584,1.0
2015-10-26,16.42,16.43,15.74,15.93,128530,334705.344,1.0
2015-10-27,15.86,15.96,15.37,15.88,137647,350072.8,1.0
2015-10-28,15.83,15.83,15.06,15.14,116719,293746.656,1.0
2015-10-29,15.29,15.36,14.84,15.07,98180,241431.096,1.0
2015-10-30,15.07,15.58,14.74,15.24,157539,391595.696,1.0
2015-11-02,14.86,15.71,14.62,15.14,124510,311131.648,1.0
2015-11-03,15.05,15.66,15.02,15.43,117842,295507.04,1.0
2015-11-04,15.53,16.23,15.53,16.23,153152,395872.08,1.0
2015-11-05,16.15,16.47,15.86,16.03,155498,408169.92,1.0
2015-11-06,16.09,17.66,16.06,17.66,312536,864096.352,1.0
2015-11-09,17.42,18.43,17.15,17.94,247005,715424.688,1.0
2015-11-10,17.55,19.24,17.49,18.99,237027,717542.752,1.0
2015-11-11,18.74,19.1,18.36,18.66,140653,425847.952,1.0
2015-11-12,18.66,18.85,17.89,18.54,149098,442278.992,1.0
2015-11-13,18.18,19.61,18.18,18.49,231536,712504.64,1.0
2015-11-16,17.64,18.99,17.64,18.62,133358,396564.176,1.0
2015-11-17,18.74,19.06,17.74,17.86,152116,454092.032,1.0
2015-11-18,17.99,18.15,17.24,17.43,103591,295712.992,1.0
2015-11-19,17.56,18.12,17.46,18.05,118580,343853.28,1.0
2015-11-20,17.91,19.54,17.91,18.78,222209,685018.512,1.0
2015-11-23,19.49,20.68,19.38,20.68,407128,1356981.808,1.0
2015-11-24,20.36,20.5,19.31,20.04,232270,745607.056,1.0
2015-11-25,19.74,20.55,19.65,20.04,115821,376894.576,1.0
2015-11-26,19.98,20.64,19.86,20.16,183747,602445.056,1.0
2015-11-27,20.16,20.23,18.12,18.49,148852,466424.96,1.0
2015-11-30,18.74,19.86,18.03,19.43,180768,557512.832,1.0
2015-12-01,19.57,20.42,18.73,19.3,182817,589738.88,1.0
2015-12-02,19.11,19.22,17.41,18.33,154167,457191.712,1.0
2015-12-03,18.42,19.24,17.99,19.06,140099,423459.808,1.0
2015-12-04,18.82,19.41,18.49,18.69,125648,385380.176,1.0
2015-12-07,19.18,20.58,18.69,20.16,267401,857745.184,1.0
2015-12-08,19.73,20.24,19.49,19.54,170274,547447.68,1.0
2015-12-09,19.43,19.8,18.83,19.08,106781,332987.968,1.0
2015-12-10,19.06,20.11,18.8,19.24,127139,402540.896,1.0
2015-12-11,18.8,19.23,18.55,18.8,77875,238502.648,1.0
2015-12-14,18.57,19.93,18.56,19.86,109209,341790.336,1.0
2015-12-15,19.68,20.44,19.49,20.07,148046,480218.864,1.0
2015-12-16,20.18,20.62,19.75,19.84,116282,380845.952,1.0
2015-12-17,20.23,20.61,19.88,20.33,200716,658359.584,1.0
2015-12-18,20.24,21.05,19.65,20.91,225811,744360.816,1.0
2015-12-21,20.74,20.82,19.86,20.3,190273,627186.016,1.0
2015-12-22,20.24,20.42,19.69,19.99,136076,440852.624,1.0
2015-12-23,19.86,20.06,19.36,19.4,143073,456738.88,1.0
2015-12-24,19.44,19.58,18.66,19.11,138515,427628.0,1.0
2015-12-25,19.11,19.3,18.8,19.11,102884,317876.528,1.0
2015-12-28,19.18,19.32,18.29,18.36,141454,431528.624,1.0
2015-12-29,18.38,18.85,18.27,18.85,101642,305586.784,1.0
2015-12-30,18.83,19.17,18.68,19.04,108074,331664.816,1.0
2015-12-31,19.08,19.13,18.33,18.36,100708,304743.92,1.0
2016-01-04,18.24,18.57,16.55,16.61,115469,329963.264,1.0
2016-01-05,15.36,17.1,15.35,16.53,170692,450446.704,1.0
2016-01-06,16.62,16.82,16.18,16.69,83722,224646.487,1.0
2016-01-07,16.3,16.3,14.99,14.99,30133,75722.367,1.0
2016-01-08,15.36,15.56,13.49,14.64,160974,386955.52,1.0
2016-01-11,14.21,15.35,14.04,14.36,200920,487076.176,1.0
2016-01-12,14.47,15.77,14.47,15.46,145802,358412.816,1.0
2016-01-13,15.49,15.91,15.12,15.18,125932,320578.624,1.0
2016-01-14,14.73,16.54,14.47,16.14,124115,311571.04,1.0
2016-01-15,15.86,16.18,14.89,15.15,100314,253455.17,1.0
2016-01-18,14.83,15.8,14.68,15.41,92426,229869.742,1.0
2016-01-19,15.18,15.93,15.09,15.83,99006,250242.922,1.0
2016-01-20,15.71,15.98,15.0,15.36,111704,279827.472,1.0
2016-01-21,15.05,15.38,14.26,14.31,127069,306598.736,1.0
2016-01-22,14.46,14.72,14.19,14.55,72036,169545.255,1.0
2016-01-25,14.74,15.05,14.61,14.74,59033,142674.087,1.0
2016-01-26,14.63,14.63,13.24,13.24,105735,237089.394,1.0
2016-01-27,13.39,13.39,11.89,12.76,109600,223115.857,1.0
2016-01-28,12.39,12.86,12.11,12.17,60295,123876.779,1.0
2016-01-29,12.03,13.16,12.03,12.93,78303,162056.993,1.0
2016-02-01,12.81,13.18,12.68,13.05,55191,116819.0,1.0
2016-02-02,13.17,13.8,13.03,13.6,58916,130303.197,1.0
2016-02-03,13.48,14.11,13.21,13.96,62791,140423.29,1.0
2016-02-04,13.87,14.79,13.87,14.37,71497,168098.399,1.0
2016-02-05,14.71,14.78,14.16,14.39,60960,143058.784,1.0
2016-02-15,14.1,14.54,14.02,14.38,76634,177844.867,1.0
2016-02-16,14.28,15.03,14.24,14.73,80661,193429.298,1.0
2016-02-17,14.74,14.79,14.25,14.61,61801,147196.8,1.0
2016-02-18,14.86,14.86,14.27,14.29,62798,147614.321,1.0
2016-02-19,14.38,14.59,14.28,14.43,57167,134472.998,1.0
2016-02-22,14.5,14.83,14.5,14.73,78345,187536.873,1.0
2016-02-23,14.75,14.8,13.81,14.11,102515,236884.285,1.0
2016-02-24,13.93,14.17,13.43,13.8,127006,283795.12,1.0
2016-02-25,13.8,13.8,12.39,12.39,116604,245519.301,1.0
2016-02-26,12.49,12.51,11.77,11.99,106432,211106.447,1.0
2016-02-29,12.11,12.17,10.76,10.99,115274,211809.208,1.0
2016-03-01,10.93,11.54,10.86,11.43,118265,217178.076,1.0
2016-03-02,11.49,12.59,11.43,12.56,162032,317054.704,1.0
2016-03-03,12.48,12.85,12.18,12.44,105007,215445.91,1.0
2016-03-04,12.4,12.44,11.43,11.7,112456,218934.727,1.0
2016-03-07,11.93,12.89,11.93,12.46,163947,335444.528,1.0
2016-03-08,12.4,13.74,11.85,13.74,196476,417232.672,1.0
2016-03-09,13.98,15.06,13.48,14.01,312922,731499.376,1.0
2016-03-10,13.86,14.46,13.56,13.61,164240,373560.816,1.0
2016-03-11,13.39,14.35,13.39,13.99,134583,307031.584,1.0
2016-03-14,14.26,15.41,13.85,15.38,261718,634375.952,1.0
2016-03-15,15.02,15.61,14.66,14.71,141424,348123.888,1.0
2016-03-16,15.18,15.28,13.81,14.26,180525,425286.448,1.0
2016-03-17,14.28,15.71,14.28,15.71,246921,608838.176,1.0
2016-03-18,15.71,16.4,15.55,15.85,287048,745422.352,1.0
2016-03-21,15.93,16.01,15.44,15.93,308257,787450.064,1.0
2016-03-22,15.8,16.34,15.59,15.83,241035,628540.624,1.0
2016-03-23,15.61,15.97,15.07,15.68,213639,536717.728,1.0
2016-03-24,15.45,16.43,15.3,15.68,265864,690424.656,1.0
2016-03-25,15.38,15.68,14.74,15.12,211091,521307.36,1.0
2016-03-28,15.32,15.96,15.05,15.56,216074,543816.528,1.0
2016-03-29,15.61,15.61,14.79,15.11,153168,376504.672,1.0
2016-03-30,15.26,15.97,14.93,15.93,213766,537363.232,1.0
2016-03-31,16.3,17.23,15.86,16.36,331233,886923.504,1.0
2016-04-01,16.16,16.36,15.55,16.16,166020,431591.024,1.0
2016-04-05,16.14,16.85,15.93,16.64,222516,595901.152,1.0
2016-04-06,16.45,16.68,16.18,16.39,173436,463911.904,1.0
2016-04-07,16.49,16.49,15.61,15.61,161147,416758.784,1.0
2016-04-08,15.49,15.49,14.8,15.11,172616,422820.848,1.0
2016-04-11,15.27,16.21,15.24,15.89,231259,598672.096,1.0
2016-04-12,15.73,16.15,15.36,15.9,142084,364547.6,1.0
2016-04-13,16.12,16.74,15.99,16.39,188475,505387.504,1.0
2016-04-14,16.63,17.83,16.62,17.21,238338,668222.672,1.0
2016-04-15,17.21,17.21,16.74,16.96,113454,312253.008,1.0
2016-04-18,16.69,16.95,16.39,16.88,115213,312317.184,1.0
2016-04-19,16.99,17.08,16.39,16.88,150520,409097.264,1.0
2016-04-20,16.8,16.88,15.23,15.56,171105,444132.864,1.0
2016-04-21,15.55,15.77,14.94,15.04,104298,261809.951,1.0
2016-04-22,15.04,15.53,14.98,15.36,79917,199205.928,1.0
2016-04-25,15.36,15.36,14.66,15.17,83694,204488.627,1.0
2016-04-26,15.11,15.64,15.01,15.64,110235,274328.0,1.0
2016-04-27,15.74,15.98,15.46,15.69,107412,274663.728,1.0
2016-04-28,15.81,16.3,15.53,16.3,119500,310323.568,1.0
2016-04-29,16.21,16.29,15.84,15.93,87826,229136.67,1.0
2016-05-03,16.05,16.84,15.59,16.76,150895,402209.088,1.0
2016-05-04,16.54,16.86,16.41,16.49,107594,290858.592,1.0
2016-05-05,16.49,16.9,16.45,16.76,80570,218215.445,1.0
2016-05-06,16.68,16.77,15.43,15.48,158809,411665.264,1.0
2016-05-09,15.38,15.38,14.77,14.91,99634,242545.843,1.0
2016-05-10,14.91,15.14,14.86,15.02,70101,171283.558,1.0
2016-05-11,15.13,15.18,13.88,14.04,200868,468635.728,1.0
2016-05-12,13.81,14.45,13.36,14.04,116403,264069.729,1.0
2016-05-13,14.05,14.5,13.94,14.17,79763,185632.482,1.0
2016-05-16,14.3,14.66,14.11,14.64,83223,195579.431,1.0
2016-05-17,14.71,15.23,14.64,14.96,115813,281640.048,1.0
2016-05-18,14.8,14.86,14.43,14.73,84904,202765.239,1.0
2016-05-19,14.69,15.14,14.64,14.73,67670,164287.403,1.0
2016-05-20,14.71,14.85,14.12,14.8,72145,106627.777,1.0
2016-05-23,14.89,15.57,14.89,15.06,106911,165258.548,1.0
2016-05-24,15.11,15.11,14.4,14.69,108080,160544.853,1.0
2016-05-25,14.8,15.14,14.45,14.65,130344,196081.994,1.0
2016-05-26,14.56,15.2,14.4,15.19,131225,197890.921,1.0
2016-05-27,14.98,15.23,14.86,14.9,90788,138749.484,1.0
2016-05-30,14.76,14.97,14.45,14.62,87417,130132.333,1.0
2016-05-31,14.57,15.47,14.56,15.33,181683,278726.4,1.0
2016-06-01,15.33,15.67,15.23,15.49,173922,273048.848,1.0
2016-06-02,15.47,15.57,15.2,15.47,117878,183935.201,1.0
2016-06-03,15.81,16.92,15.65,16.09,297618,489893.824,1.0
2016-06-06,16.28,16.38,15.77,16.25,147813,241299.216,1.0
2016-06-07,16.16,16.58,15.96,16.46,135783,224658.507,1.0
2016-06-08,16.53,16.55,15.76,15.97,171428,278288.272,1.0
2016-06-13,15.57,15.71,14.65,14.65,152627,236701.545,1.0
2016-06-14,14.66,15.06,14.62,14.77,97218,146522.958,1.0
2016-06-15,14.57,15.45,14.38,15.07,189509,289529.92,1.0
2016-06-16,15.05,15.27,14.86,14.91,135540,206515.836,1.0
2016-06-17,15.01,15.35,14.88,14.97,99707,153134.705,1.0
2016-06-20,14.89,15.04,14.6,14.7,138848,207645.077,1.0
2016-06-21,14.96,15.07,14.27,14.37,157005,233764.318,1.0
2016-06-22,14.37,14.72,14.29,14.67,87338,129222.269,1.0
2016-06-23,14.77,14.87,14.4,14.49,91164,134660.632,1.0
2016-06-24,14.47,14.63,13.86,14.38,104229,152201.289,1.0
2016-06-27,14.17,14.84,14.07,14.77,136391,201786.162,1.0
2016-06-28,14.67,15.12,14.55,15.02,182703,275780.448,1.0
2016-06-29,15.14,15.61,15.1,15.13,221246,344057.36,1.0
2016-06-30,15.17,15.6,14.98,15.34,156913,243082.692,1.0
2016-07-01,15.34,15.47,15.05,15.16,95591,147525.664,1.0
2016-07-04,15.03,15.41,14.97,15.27,127825,197627.97,1.0
2016-07-05,15.28,15.86,15.25,15.61,214059,338591.904,1.0
2016-07-06,15.54,15.7,15.33,15.43,121895,191333.422,1.0
2016-07-07,15.45,15.49,15.09,15.25,94445,146663.529,1.0
2016-07-08,15.28,15.34,15.01,15.08,94134,144724.506,1.0
2016-07-11,15.2,15.42,14.9,14.94,134526,206950.637,1.0
2016-07-12,14.91,15.14,14.65,15.11,131134,198319.565,1.0
2016-07-13,15.17,16.36,15.08,15.9,326191,519278.32,1.0
2016-07-14,15.87,16.32,15.64,16.05,278965,450474.752,1.0
2016-07-15,16.11,16.14,15.7,15.82,152508,245423.492,1.0
2016-07-18,15.81,16.06,15.49,15.53,161983,257642.169,1.0
2016-07-19,15.65,16.62,15.39,16.54,333350,540392.64,1.0
2016-07-20,16.37,16.45,16.05,16.05,238441,393556.048,1.0
2016-07-21,16.0,16.44,15.95,16.02,165444,271336.848,1.0
2016-07-22,15.96,16.4,15.87,15.89,161421,263350.894,1.0
2016-07-25,15.85,15.85,15.51,15.73,116563,185141.722,1.0
2016-07-26,15.7,15.85,15.59,15.85,124364,198514.176,1.0
2016-07-27,15.88,15.89,14.48,14.67,264446,403947.344,1.0
2016-07-28,14.58,14.71,13.9,14.25,236251,342885.984,1.0
2016-07-29,14.23,14.25,13.9,14.07,101137,144831.094,1.0
2016-08-01,14.07,14.43,13.75,14.23,122157,174650.94,1.0
2016-08-02,14.18,14.51,14.1,14.29,75605,110114.714,1.0
2016-08-03,14.29,14.34,14.02,14.17,63177,90846.049,1.0
2016-08-04,14.18,14.35,13.98,14.27,61061,88140.503,1.0
2016-08-05,14.24,14.25,14.05,14.07,74082,106491.17,1.0
2016-08-08,13.97,14.27,13.91,14.22,64080,91854.358,1.0
2016-08-09,14.18,14.67,14.17,14.65,113007,166046.011,1.0
2016-08-10,14.57,14.74,14.38,14.46,71227,105023.555,1.0
2016-08-11,14.56,14.72,14.38,14.38,79227,116978.487,1.0
2016-08-12,14.12,14.57,14.12,14.49,66510,97138.24,1.0
2016-08-15,14.56,15.13,14.35,15.07,169160,254693.643,1.0
2016-08-16,15.08,15.14,14.8,14.87,114185,173252.751,1.0
2016-08-17,14.92,15.26,14.8,14.88,120330,183935.701,1.0
2016-08-18,14.8,15.09,14.8,14.9,98060,148614.821,1.0
2016-08-19,14.91,14.97,14.77,14.85,61698,93083.384,1.0
2016-08-22,14.8,14.86,14.3,14.35,103507,152665.232,1.0
2016-08-23,14.35,14.55,14.25,14.45,55464,81257.121,1.0
2016-08-24,14.56,14.73,14.44,14.48,99841,147476.368,1.0
2016-08-25,14.38,14.38,14.12,14.34,77703,112509.93,1.0
2016-08-26,14.34,14.62,14.29,14.35,82180,120799.374,1.0
2016-08-29,14.35,14.54,14.23,14.27,99360,145041.913,1.0
2016-08-30,14.34,14.42,14.24,14.29,63776,92727.3,1.0
2016-08-31,14.3,14.32,14.09,14.18,70312,101328.121,1.0
2016-09-01,14.23,14.24,14.1,14.12,56958,82031.015,1.0
2016-09-02,14.17,14.23,13.95,14.02,57618,82467.008,1.0
2016-09-05,14.04,14.15,13.97,14.09,46189,66183.853,1.0
2016-09-06,14.11,14.32,13.9,14.22,143728,205504.499,1.0
2016-09-07,14.22,14.29,14.15,14.17,103836,149963.788,1.0
2016-09-08,14.25,14.25,14.1,14.18,72641,104524.538,1.0
2016-09-09,14.19,14.22,13.98,13.98,63889,91471.993,1.0
2016-09-12,13.79,13.84,13.52,13.57,130895,181803.336,1.0
2016-09-13,13.6,13.72,13.26,13.52,95167,130559.643,1.0
2016-09-14,13.42,13.62,13.23,13.43,57441,78527.282,1.0
2016-09-19,13.47,13.74,13.41,13.52,57747,79562.97,1.0
2016-09-20,13.57,13.61,13.43,13.54,42179,58013.418,1.0
2016-09-21,13.51,13.64,13.5,13.61,40353,55728.369,1.0
2016-09-22,13.66,13.73,13.58,13.6,53070,73722.259,1.0
2016-09-23,13.64,13.69,13.44,13.47,52710,72542.757,1.0
2016-09-26,13.39,13.52,12.79,12.79,104392,139748.303,1.0
2016-09-27,12.77,13.3,12.77,13.21,95764,127396.132,1.0
2016-09-28,13.32,13.6,13.2,13.35,88237,120648.657,1.0
2016-09-29,13.35,13.6,13.35,13.41,48924,67104.846,1.0
2016-09-30,13.41,13.58,13.37,13.41,40337,55293.796,1.0
2016-10-10,13.45,13.71,13.45,13.7,54465,75390.223,1.0
2016-10-11,13.75,13.75,13.53,13.61,44492,61565.565,1.0
2016-10-12,13.47,13.6,13.47,13.54,31197,42868.097,1.0
2016-10-13,13.55,13.57,13.38,13.55,56266,77158.026,1.0
2016-10-14,13.52,13.55,13.36,13.42,43295,59114.853,1.0
2016-10-17,13.42,13.51,13.18,13.2,50782,69048.743,1.0
2016-10-18,13.21,13.44,13.12,13.42,57107,77309.385,1.0
2016-10-19,13.49,13.52,13.3,13.35,59812,81749.483,1.0
2016-10-20,13.37,13.41,13.23,13.27,62272,84133.186,1.0
2016-10-21,13.27,13.32,13.07,13.15,66607,89282.977,1.0
2016-10-24,13.08,13.36,13.08,13.31,71564,96647.282,1.0
2016-10-25,13.33,13.5,13.28,13.45,67503,91696.256,1.0
2016-10-26,13.42,13.42,13.17,13.26,73545,99196.474,1.0
2016-10-27,13.27,13.29,13.11,13.24,57621,77310.784,1.0
2016-10-28,13.27,13.37,13.21,13.22,68062,91873.113,1.0
2016-10-31,13.25,13.26,12.96,13.1,71732,95215.785,1.0
2016-11-01,13.11,13.14,13.04,13.13,77403,103139.067,1.0
2016-11-02,13.14,13.14,12.91,12.97,98792,130634.699,1.0
2016-11-03,12.93,13.08,12.89,12.98,77831,102851.047,1.0
2016-11-04,12.99,13.07,12.93,13.02,77607,102781.918,1.0
2016-11-07,13.04,13.12,12.89,13.08,82517,109091.809,1.0
2016-11-08,13.14,13.68,13.11,13.53,248415,340371.68,1.0
2016-11-09,13.44,13.54,13.12,13.26,124641,168952.111,1.0
2016-11-10,13.4,13.56,13.35,13.42,91210,124785.448,1.0
2016-11-11,13.39,13.51,13.32,13.5,99523,135880.677,1.0
2016-11-14,13.57,13.7,13.4,13.48,102169,140938.447,1.0
2016-11-15,13.46,13.74,13.39,13.73,124937,172435.195,1.0
2016-11-16,13.85,13.95,13.61,13.62,147613,206384.826,1.0
2016-11-17,13.63,13.63,13.38,13.52,107540,147359.265,1.0
2016-11-18,13.52,13.6,13.4,13.54,64039,87811.748,1.0
2016-11-21,13.47,13.5,13.36,13.41,78393,106993.766,1.0
2016-11-22,13.43,13.57,13.34,13.54,125014,171135.457,1.0
2016-11-23,13.57,13.63,13.22,13.23,169293,230842.067,1.0
2016-11-24,13.21,13.28,13.12,13.16,101782,136464.855,1.0
2016-11-25,13.17,13.25,12.99,13.23,85142,113750.291,1.0
2016-11-28,13.3,13.33,13.09,13.15,111623,149571.279,1.0
2016-11-29,13.09,13.22,13.04,13.06,107797,143940.76,1.0
2016-11-30,13.03,13.24,12.95,13.13,96472,128828.003,1.0
2016-12-01,13.14,13.25,13.1,13.21,95618,128172.445,1.0
2016-12-02,13.19,13.21,12.99,12.99,104583,138938.45,1.0
2016-12-05,12.88,13.13,12.86,13.01,61978,82147.994,1.0
2016-12-06,13.05,13.12,12.84,12.88,76053,99964.732,1.0
2016-12-07,12.89,12.95,12.85,12.95,50312,66035.072,1.0
2016-12-08,12.97,13.0,12.8,12.83,63121,82578.036,1.0
2016-12-09,12.75,12.86,12.39,12.5,121807,156523.094,1.0
2016-12-12,12.47,12.48,11.83,11.83,174659,214402.255,1.0
2016-12-13,11.77,11.97,11.6,11.76,53970,64695.046,1.0
2016-12-14,11.75,11.81,11.59,11.59,41141,49001.198,1.0
2016-12-15,11.6,11.81,11.53,11.63,70515,83712.847,1.0
2016-12-16,11.57,11.87,11.57,11.78,63953,76626.332,1.0
2016-12-19,11.64,11.65,11.37,11.45,98819,115675.565,1.0
2016-12-20,11.47,11.55,11.28,11.38,74460,86636.489,1.0
2016-12-21,11.43,11.49,11.38,11.43,64403,75054.163,1.0
2016-12-22,11.46,11.46,11.32,11.4,67481,78362.823,1.0
2016-12-23,11.43,11.47,11.31,11.33,76210,88620.322,1.0
2016-12-26,11.3,11.32,11.07,11.24,85778,97768.788,1.0
2016-12-27,11.23,11.3,11.15,11.23,71966,82512.615,1.0
2016-12-28,11.23,11.34,11.2,11.29,64070,73656.815,1.0
2016-12-29,11.3,11.36,11.16,11.16,68762,79177.847,1.0
2016-12-30,11.15,11.22,11.09,11.12,64920,73812.759,1.0
2017-01-03,11.15,11.25,11.1,11.23,87399,99608.124,1.0
2017-01-04,11.21,11.4,11.13,11.38,127464,147231.717,1.0
2017-01-05,11.32,11.35,11.25,11.26,80120,92254.272,1.0
2017-01-06,11.3,11.3,11.02,11.05,93452,106058.763,1.0
2017-01-09,11.0,11.13,10.93,11.07,80144,90327.285,1.0
2017-01-10,11.05,11.22,11.02,11.13,71712,81638.418,1.0
2017-01-11,11.13,11.17,10.87,10.87,87038,97556.79,1.0
2017-01-12,10.87,10.96,10.74,10.76,79671,88256.609,1.0
2017-01-13,10.79,10.83,10.36,10.49,88528,96057.819,1.0
2017-01-16,10.49,10.52,9.58,9.96,105047,108836.054,1.0
2017-01-17,9.92,10.26,9.79,10.14,81780,83827.235,1.0
2017-01-18,10.11,10.13,9.94,9.99,60869,62450.397,1.0
2017-01-19,9.96,10.23,9.9,10.13,67068,69198.061,1.0
2017-01-20,10.15,10.4,10.08,10.33,101248,106760.867,1.0
2017-01-23,10.42,10.58,10.38,10.52,87013,93171.52,1.0
2017-01-24,10.53,10.53,10.25,10.27,63056,66661.956,1.0
2017-01-25,10.33,10.39,10.21,10.38,34949,36956.191,1.0
2017-01-26,10.32,10.52,10.29,10.42,54498,58076.415,1.0
2017-02-03,10.46,10.51,10.3,10.34,50482,53460.542,1.0
2017-02-06,10.29,10.42,10.26,10.38,81600,86312.651,1.0
2017-02-07,10.36,10.37,10.15,10.2,65952,69142.063,1.0
2017-02-08,10.15,10.35,10.14,10.32,74509,77943.062,1.0
2017-02-09,10.34,10.46,10.29,10.4,99916,106015.374,1.0
2017-02-10,10.53,10.6,10.39,10.52,122552,131510.446,1.0
2017-02-13,10.45,10.65,10.4,10.58,99052,106444.388,1.0
2017-02-14,10.59,10.59,10.41,10.44,71188,76276.538,1.0
2017-02-15,10.45,10.59,10.41,10.48,101621,108973.483,1.0
2017-02-16,10.46,10.49,10.3,10.4,100027,106038.304,1.0
2017-02-17,10.39,10.51,10.29,10.32,106060,112278.795,1.0
2017-02-20,10.33,10.52,10.33,10.48,76054,81156.609,1.0
2017-02-21,10.47,11.29,10.45,11.05,347110,388718.464,1.0
2017-02-22,11.0,11.23,10.94,11.19,204253,231986.234,1.0
2017-02-23,11.17,11.83,11.15,11.62,402398,472204.384,1.0
2017-02-24,11.54,11.95,11.45,11.81,285254,341671.568,1.0
2017-02-27,11.81,12.05,11.66,11.82,202747,243600.035,1.0
2017-02-28,11.76,11.87,11.67,11.75,173702,207932.879,1.0
2017-03-01,11.71,11.95,11.56,11.61,201916,241190.864,1.0
2017-03-02,11.6,11.74,11.45,11.64,138626,163458.687,1.0
2017-03-03,11.62,11.73,11.52,11.62,112711,133793.499,1.0
2017-03-06,11.6,11.85,11.57,11.7,157049,186867.556,1.0
2017-03-07,11.75,11.79,11.57,11.76,126259,150405.636,1.0
2017-03-08,11.76,11.77,11.35,11.41,141979,166868.449,1.0
2017-03-09,11.42,11.43,11.27,11.32,100945,116593.516,1.0
2017-03-10,11.3,11.52,11.27,11.38,98328,114386.271,1.0
2017-03-13,11.32,11.58,11.27,11.53,88528,103600.124,1.0
2017-03-14,11.51,11.72,11.22,11.63,241629,281478.72,1.0
2017-03-15,11.54,11.73,11.54,11.56,121485,144159.327,1.0
2017-03-16,11.56,11.71,11.51,11.67,87308,103499.085,1.0
2017-03-17,11.68,11.72,11.33,11.34,107884,127341.252,1.0
2017-03-20,11.28,11.43,11.25,11.34,63792,73670.694,1.0
2017-03-21,11.35,11.56,11.28,11.37,60438,70229.555,1.0
2017-03-22,11.26,11.32,11.05,11.08,117474,133642.309,1.0
2017-03-23,11.09,11.19,10.77,10.92,85120,95419.95,1.0
2017-03-24,10.93,11.02,10.8,11.02,65585,73154.75,1.0
2017-03-27,10.98,11.02,10.84,10.89,59310,66018.515,1.0
2017-03-28,10.82,10.99,10.82,10.87,36328,40421.518,1.0
2017-03-29,10.89,11.12,10.89,11.04,94938,107089.908,1.0
2017-03-30,11.0,11.07,10.49,10.66,99747,109891.902,1.0
2017-03-31,10.67,10.93,10.64,10.83,40562,44467.085,1.0
2017-04-05,10.8,10.96,10.64,10.94,80473,88742.184,1.0
2017-04-06,10.92,10.93,10.76,10.83,53965,59686.722,1.0
2017-04-07,10.85,10.91,10.68,10.87,56494,62259.712,1.0
2017-04-10,10.85,10.89,10.47,10.47,58263,63698.153,1.0
2017-04-11,10.51,10.75,10.47,10.74,63313,68449.924,1.0
2017-04-12,10.7,10.74,10.51,10.52,43341,47093.444,1.0
2017-04-13,10.5,10.62,10.4,10.44,41184,44235.281,1.0
2017-04-14,10.44,10.44,10.11,10.17,60875,63739.86,1.0
2017-04-17,10.13,10.25,10.07,10.07,37685,39190.606,1.0
2017-04-18,10.16,10.24,9.8,9.86,59231,60767.51,1.0
2017-04-19,9.89,9.97,9.57,9.93,85416,85266.792,1.0
2017-04-20,9.87,10.03,9.84,9.98,63324,64495.607,1.0
2017-04-21,9.99,10.11,9.95,10.02,39633,40708.506,1.0
2017-04-24,10.02,10.02,9.72,9.84,42393,42826.355,1.0
2017-04-25,9.86,10.06,9.86,9.91,39336,40087.71,1.0
2017-04-26,9.95,9.95,9.79,9.86,39974,40322.094,1.0
2017-04-27,9.79,10.75,9.78,10.55,184907,194534.936,1.0
2017-04-28,10.53,10.62,10.4,10.6,93634,100568.517,1.0
2017-05-02,10.52,10.58,10.36,10.39,54838,58687.696,1.0
2017-05-03,10.36,10.48,9.94,10.17,107814,112142.427,1.0
2017-05-04,10.14,10.25,10.0,10.03,90216,93409.945,1.0
2017-05-05,9.95,10.25,9.88,10.08,127361,131690.144,1.0
2017-05-08,10.03,10.41,9.97,10.09,115548,120379.482,1.0
2017-05-09,10.05,10.29,9.98,10.28,89904,93539.795,1.0
2017-05-10,10.18,10.32,9.87,9.87,109171,112975.131,1.0
2017-05-11,9.43,9.78,8.99,9.35,292328,278758.128,1.0
2017-05-12,9.31,9.4,8.78,9.38,248396,232477.663,1.0
2017-05-15,9.27,9.62,9.2,9.48,119952,115867.927,1.0
2017-05-16,9.38,9.61,9.28,9.58,87398,84925.787,1.0
2017-05-17,9.62,10.56,9.58,10.33,352430,367667.52,1.0
2017-05-18,10.32,10.49,10.2,10.33,160240,169339.041,1.0
2017-05-19,10.33,10.57,10.33,10.38,151199,161988.845,1.0
2017-05-22,10.31,10.83,10.27,10.68,208895,227253.568,1.0
2017-05-23,10.52,10.82,10.25,10.7,167047,179836.634,1.0
2017-05-24,10.6,10.73,10.4,10.58,93669,101194.67,1.0
2017-05-25,10.68,10.72,10.42,10.64,89907,97136.59,1.0
2017-05-26,10.59,10.94,10.57,10.74,126805,139359.109,1.0
2017-05-31,10.97,10.97,10.35,10.74,180807,196050.269,1.0
2017-06-01,10.59,10.71,10.32,10.47,115647,124134.937,1.0
2017-06-02,10.47,10.76,10.23,10.68,102579,110211.947,1.0
2017-06-05,10.83,10.95,10.69,10.76,122056,135020.222,1.0
2017-06-06,10.72,10.87,10.63,10.74,66702,73466.351,1.0
2017-06-07,10.71,11.14,10.68,11.06,168418,188466.799,1.0
2017-06-08,11.04,11.47,11.02,11.45,174507,202116.529,1.0
2017-06-09,11.5,11.5,11.15,11.32,80711,93140.979,1.0
2017-06-12,11.25,11.58,10.88,11.41,165956,190164.953,1.0
2017-06-13,11.3,11.43,11.21,11.28,88957,102807.16,1.0
2017-06-14,11.28,11.3,11.08,11.09,57661,65691.519,1.0
2017-06-15,11.0,11.53,11.0,11.43,106650,123581.892,1.0
2017-06-16,11.38,11.51,11.22,11.32,86792,100335.227,1.0
2017-06-19,11.29,11.43,11.04,11.23,76998,87885.993,1.0
2017-06-20,11.2,11.38,11.12,11.24,66707,76534.728,1.0
2017-06-21,11.29,11.36,11.01,11.24,76764,87757.023,1.0
2017-06-22,11.24,11.27,10.75,10.76,70309,79173.853,1.0
2017-06-23,10.62,10.85,10.32,10.74,114208,124107.019,1.0
2017-06-26,10.61,10.86,10.6,10.82,51019,56130.292,1.0
2017-06-27,10.82,11.14,10.79,10.94,64392,72393.924,1.0
2017-06-28,10.93,11.1,10.83,10.97,52097,58306.65,1.0
2017-06-29,10.98,11.01,10.89,10.95,32128,35910.865,1.0
2017-06-30,10.9,11.03,10.75,10.97,66866,74564.494,1.0
2017-07-03,10.97,11.33,10.91,11.31,64369,73186.228,1.0
2017-07-04,11.26,11.32,11.2,11.27,42772,49189.163,1.0
2017-07-05,11.32,11.35,11.05,11.28,55676,63608.718,1.0
2017-07-06,11.22,11.4,10.84,11.13,106936,120374.046,1.0
2017-07-07,11.05,11.05,10.23,10.33,234085,251747.761,1.0
2017-07-10,10.3,10.46,10.1,10.15,157080,164428.162,1.0
2017-07-11,10.15,10.35,10.07,10.24,73874,76904.13,1.0
2017-07-12,10.21,10.24,9.67,9.79,174104,175065.774,1.0
2017-07-13,9.78,9.99,9.76,9.78,110224,110830.58,1.0
2017-07-14,9.79,9.9,9.75,9.79,61563,61722.201,1.0
2017-07-17,9.67,9.82,9.37,9.45,91549,89297.508,1.0
2017-07-18,9.46,9.77,9.4,9.74,83241,81889.185,1.0
2017-07-19,9.62,9.84,9.46,9.83,115840,114329.95,1.0
2017-07-20,9.74,9.89,9.6,9.66,86768,86531.826,1.0
2017-07-21,9.67,9.77,9.6,9.73,37032,36707.826,1.0
2017-07-24,9.77,9.77,9.51,9.61,67076,65885.506,1.0
2017-07-25,9.59,10.25,9.54,9.83,121323,121928.972,1.0
2017-07-26,9.81,10.29,9.78,10.29,211383,218215.618,1.0
2017-07-27,10.22,11.34,9.96,11.28,687866,771898.192,1.0
2017-07-28,11.2,11.7,11.12,11.5,663964,770752.752,1.0
2017-07-31,11.28,11.46,11.11,11.35,428850,492632.464,1.0
2017-08-01,11.22,11.77,11.22,11.66,509462,596266.752,1.0
2017-08-02,11.6,11.6,11.05,11.23,457591,528054.432,1.0
2017-08-03,11.16,11.63,11.11,11.32,365621,424157.28,1.0
2017-08-04,11.32,11.4,11.06,11.14,253266,288598.576,1.0
2017-08-07,11.25,11.76,11.25,11.4,424308,498827.936,1.0
2017-08-08,11.4,12.56,11.31,12.56,803120,986774.336,1.0
2017-08-09,12.28,12.57,12.1,12.37,617461,773538.48,1.0
2017-08-10,12.38,13.21,12.25,12.77,747251,964277.184,1.0
2017-08-11,12.52,13.36,12.31,12.44,708905,920927.376,1.0
2017-08-14,12.4,12.78,12.37,12.71,511480,654787.008,1.0
2017-08-15,12.6,12.76,12.36,12.52,370146,470263.728,1.0
2017-08-16,12.45,13.02,12.45,12.68,588329,763139.248,1.0
2017-08-17,12.55,12.92,12.52,12.66,412942,532906.816,1.0
2017-08-18,12.6,12.95,12.48,12.51,355420,459017.344,1.0
2017-08-21,12.35,12.36,11.85,12.05,539945,660920.592,1.0
2017-08-22,11.97,12.05,11.66,11.69,360544,434385.568,1.0
2017-08-23,11.7,11.92,11.7,11.72,268137,322036.944,1.0
2017-08-24,11.73,11.89,11.52,11.74,223269,266827.186,1.0
2017-08-25,11.79,11.98,11.68,11.89,217574,262696.796,1.0
2017-08-28,11.93,12.38,11.89,12.13,363972,450450.32,1.0
2017-08-29,12.08,12.14,11.88,11.9,216198,263210.507,1.0
2017-08-30,11.98,12.02,11.78,11.86,170278,206322.208,1.0
2017-08-31,11.81,12.3,11.81,12.22,311765,384452.256,1.0
2017-09-01,12.24,12.58,12.05,12.36,335199,418586.256,1.0
2017-09-04,12.35,12.56,12.15,12.32,305785,384024.32,1.0
2017-09-05,12.24,12.49,12.07,12.1,228993,285169.088,1.0
2017-09-06,11.99,12.03,11.83,11.98,228274,276818.688,1.0
2017-09-07,12.0,12.11,11.67,11.71,236629,287022.608,1.0
2017-09-08,11.72,11.85,11.59,11.81,160240,191132.03,1.0
2017-09-11,11.75,11.87,11.7,11.82,133023,159264.651,1.0
2017-09-12,11.85,11.95,11.57,11.72,230889,275699.088,1.0
2017-09-13,11.66,11.9,11.66,11.84,162907,195281.619,1.0
2017-09-14,11.84,12.02,11.76,11.87,193258,233681.264,1.0
2017-09-15,11.86,11.86,11.59,11.6,138244,164083.257,1.0
2017-09-18,11.58,11.75,11.5,11.74,121719,144455.103,1.0
2017-09-19,11.73,11.91,11.68,11.73,154670,185727.273,1.0
2017-09-20,11.69,11.79,11.52,11.79,145018,171862.236,1.0
2017-09-21,11.75,11.77,11.4,11.43,158605,187145.479,1.0
2017-09-22,11.42,11.48,11.05,11.07,177944,202624.343,1.0
2017-09-25,11.09,11.1,10.62,10.69,165278,182992.266,1.0
2017-09-26,10.61,10.78,10.61,10.74,100936,109911.726,1.0
2017-09-27,10.74,10.83,10.66,10.69,137644,150305.467,1.0
2017-09-28,10.69,10.86,10.67,10.71,131450,144159.255,1.0
2017-09-29,10.72,10.88,10.64,10.71,121370,132857.468,1.0
2017-10-09,10.9,11.09,10.82,10.89,188956,210271.329,1.0
2017-10-10,10.88,10.88,10.32,10.86,225654,244717.131,1.0
2017-10-11,10.81,11.24,10.76,11.16,278237,313938.48,1.0
2017-10-12,11.09,11.33,11.04,11.23,197566,225217.26,1.0
2017-10-13,11.19,11.28,11.06,11.17,100990,114619.349,1.0
2017-10-16,11.13,11.19,10.64,10.64,179865,198522.077,1.0
2017-10-17,10.61,10.85,10.61,10.69,88111,96304.254,1.0
2017-10-18,10.7,10.72,10.41,10.43,87322,94352.382,1.0
2017-10-19,10.39,10.55,10.38,10.53,79719,85165.172,1.0
2017-10-20,10.48,10.86,10.38,10.79,121588,132778.679,1.0
2017-10-23,10.73,10.86,10.69,10.81,73036,80115.303,1.0
2017-10-24,10.81,10.96,10.62,10.94,122670,135525.456,1.0
2017-10-25,10.95,11.04,10.89,10.98,103310,115493.365,1.0
2017-10-26,11.08,11.54,11.08,11.34,308844,356642.368,1.0
2017-10-27,11.35,11.48,11.22,11.29,154158,178015.076,1.0
2017-10-30,11.24,11.26,10.6,10.69,211957,233654.088,1.0
2017-10-31,10.67,10.84,10.62,10.77,80809,88312.3,1.0
2017-11-01,10.75,10.79,10.61,10.61,101348,110074.622,1.0
2017-11-02,10.5,10.56,10.32,10.35,126821,134668.137,1.0
2017-11-03,10.34,10.49,10.01,10.17,102645,107912.877,1.0
2017-11-06,10.12,10.33,10.07,10.33,72108,75077.145,1.0
2017-11-07,10.3,10.58,10.21,10.53,140892,149772.508,1.0
2017-11-08,10.5,10.89,10.46,10.78,154440,169003.318,1.0
2017-11-09,10.71,10.77,10.58,10.7,145125,157829.228,1.0
2017-11-10,10.7,10.85,10.63,10.64,108207,118047.215,1.0
2017-11-13,10.73,10.78,10.18,10.22,217810,230565.289,1.0
2017-11-14,10.19,10.58,10.08,10.37,161192,169855.242,1.0
2017-11-15,10.35,10.46,10.07,10.2,120069,125371.941,1.0
2017-11-16,10.14,10.27,10.01,10.01,109843,113400.656,1.0
2017-11-17,10.01,10.07,9.48,9.84,178931,178657.326,1.0
2017-11-20,9.8,9.84,9.57,9.71,104179,103105.587,1.0
2017-11-21,9.67,9.82,9.48,9.56,118453,116335.727,1.0
2017-11-22,9.62,9.75,9.53,9.68,90636,89241.798,1.0
2017-11-23,9.66,9.86,9.65,9.77,111063,110459.73,1.0
2017-11-24,9.75,9.75,9.54,9.57,60698,59596.493,1.0
2017-11-27,9.59,9.99,9.58,9.83,114587,114954.895,1.0
2017-11-28,9.71,10.13,9.71,10.03,130949,133640.977,1.0
2017-11-29,10.0,10.15,9.89,10.07,93007,95243.687,1.0
2017-11-30,10.01,10.23,9.9,10.07,85370,87624.254,1.0
2017-12-01,10.05,10.45,9.99,10.25,138219,144817.37,1.0
2017-12-04,10.26,10.45,10.11,10.27,112950,118805.234,1.0
2017-12-05,10.2,10.25,9.78,9.85,114108,115571.612,1.0
2017-12-06,9.87,10.5,9.8,10.46,180724,187879.451,1.0
2017-12-07,10.45,10.61,10.32,10.46,113253,120704.741,1.0
2017-12-08,10.39,10.61,10.33,10.46,110251,117745.946,1.0
2017-12-11,10.45,10.59,10.29,10.49,85942,91521.018,1.0
2017-12-12,10.54,10.54,10.23,10.23,68407,72063.548,1.0
2017-12-13,10.18,10.43,10.13,10.38,91247,95893.209,1.0
2017-12-14,10.35,10.6,10.3,10.46,110884,118398.368,1.0
2017-12-15,10.44,10.58,10.4,10.49,77397,82718.773,1.0
2017-12-18,10.49,10.67,10.4,10.58,70351,75354.343,1.0
2017-12-19,10.58,10.63,10.44,10.59,79317,85253.426,1.0
2017-12-20,10.6,10.6,10.32,10.47,79001,83857.074,1.0
2017-12-21,10.44,10.54,10.35,10.53,82767,88273.104,1.0
2017-12-22,10.53,10.55,10.15,10.26,111612,117480.912,1.0
2017-12-25,10.25,10.29,9.88,10.12,87088,89282.553,1.0
2017-12-26,10.02,10.4,10.02,10.36,76707,80399.925,1.0
2017-12-27,10.39,10.55,10.3,10.48,61489,65484.746,1.0
2017-12-28,10.5,10.75,10.48,10.57,106637,115425.893,1.0
2017-12-29,10.59,10.68,10.52,10.64,50563,54663.734,1.0
2018-01-02,10.65,11.05,10.61,10.99,125250,138686.974,1.0
2018-01-03,10.99,11.0,10.83,10.93,92863,103109.344,1.0
2018-01-04,10.9,11.0,10.85,10.89,66200,73669.313,1.0
2018-01-05,10.89,11.11,10.83,11.03,93178,104559.717,1.0
2018-01-08,11.1,11.15,10.67,10.72,112198,123620.292,1.0
2018-01-09,10.77,10.78,10.56,10.7,83978,91021.816,1.0
2018-01-10,10.7,10.72,10.48,10.62,86823,93610.945,1.0
2018-01-11,10.52,10.76,10.31,10.69,76094,81844.381,1.0
2018-01-12,10.65,10.72,10.51,10.55,53192,57516.608,1.0
2018-01-15,10.5,10.54,9.81,9.93,129798,133722.992,1.0
2018-01-16,9.94,10.06,9.78,9.87,91642,92649.346,1.0
2018-01-17,9.9,10.28,9.61,10.14,130044,132991.576,1.0
2018-01-18,10.1,10.28,9.99,10.07,65488,67560.718,1.0
2018-01-19,10.03,10.1,9.86,9.92,67214,68223.154,1.0
2018-01-22,9.88,10.46,9.7,10.25,168332,174265.834,1.0
2018-01-23,10.14,10.23,9.96,10.1,119078,122532.256,1.0
2018-01-24,10.1,11.13,10.01,11.13,518410,575852.48,1.0
2018-01-25,11.2,11.9,11.03,11.3,699964,814720.928,1.0
2018-01-26,11.25,11.74,11.15,11.51,404515,472821.264,1.0
2018-01-29,11.42,11.95,11.34,11.88,416571,496202.0,1.0
2018-01-30,11.8,11.89,11.56,11.67,306098,363418.512,1.0
2018-01-31,11.62,11.92,11.31,11.73,410842,488620.32,1.0
2018-02-01,11.8,11.89,11.25,11.39,336334,394249.472,1.0
2018-02-02,11.17,12.2,11.11,12.15,515763,620583.088,1.0
2018-02-05,11.93,12.48,11.74,11.89,442497,541197.552,1.0
2018-02-06,11.49,11.94,11.22,11.48,295510,349000.528,1.0
2018-02-07,11.78,12.56,11.33,12.23,514390,627901.792,1.0
2018-02-08,11.99,12.29,11.63,11.85,406897,494230.368,1.0
2018-02-09,11.46,12.08,11.12,11.46,384944,453606.4,1.0
2018-02-12,11.5,12.3,11.3,12.06,367428,442205.312,1.0
2018-02-13,12.0,12.3,11.77,11.99,344797,421135.392,1.0
2018-02-14,11.92,12.01,11.44,11.6,250986,296669.984,1.0
2018-02-22,11.94,12.2,11.51,11.89,380180,457463.968,1.0
2018-02-23,11.75,11.78,11.21,11.25,278705,324311.216,1.0
2018-02-26,11.39,11.64,11.13,11.51,272820,318375.152,1.0
2018-02-27,11.5,12.68,11.41,12.68,614629,760804.88,1.0
2018-02-28,12.64,12.88,12.31,12.79,581938,745452.56,1.0
2018-03-01,12.55,13.0,12.51,12.86,369939,478179.152,1.0
2018-03-02,12.8,13.08,12.35,12.59,391598,504704.896,1.0
2018-03-05,12.6,12.69,12.35,12.69,228642,291268.944,1.0
2018-03-06,12.61,12.81,12.42,12.59,253193,323977.216,1.0
2018-03-07,12.66,12.94,12.55,12.64,313781,405864.544,1.0
2018-03-08,12.54,12.54,12.22,12.39,229213,287927.648,1.0
2018-03-09,12.4,12.89,12.23,12.71,334241,429291.312,1.0
2018-03-12,12.92,13.35,12.7,12.83,495260,655279.632,1.0
2018-03-13,12.7,13.0,12.45,12.6,300488,388385.424,1.0
2018-03-14,12.47,12.62,12.31,12.37,164123,207889.809,1.0
2018-03-15,12.33,12.65,12.27,12.65,169361,214525.851,1.0
2018-03-16,12.65,12.74,12.31,12.31,178541,227145.266,1.0
2018-03-19,12.28,12.86,12.23,12.76,231799,296870.192,1.0
2018-03-20,12.61,12.7,12.39,12.62,158579,201969.507,1.0
2018-03-21,12.69,12.91,11.86,12.05,237518,301509.504,1.0
2018-03-22,11.98,12.07,11.6,11.76,210454,253377.262,1.0
2018-03-23,11.29,11.49,10.71,11.2,278998,316253.504,1.0
2018-03-26,11.03,11.74,10.86,11.6,195261,225507.933,1.0
2018-03-27,11.69,11.94,11.55,11.83,234337,279949.6,1.0
2018-03-28,11.65,11.71,11.47,11.48,153466,181021.142,1.0
2018-03-29,11.53,11.75,11.38,11.59,101712,119672.01,1.0
2018-03-30,11.65,11.92,11.61,11.84,166901,200439.819,1.0
2018-04-02,11.86,11.99,11.59,11.94,231121,277597.52,1.0
2018-04-03,11.61,11.78,11.22,11.62,224834,262638.08,1.0
2018-04-04,11.64,11.67,11.27,11.29,105192,122305.776,1.0
2018-04-09,11.19,11.45,11.13,11.26,79283,91292.366,1.0
2018-04-10,10.9,11.0,10.46,10.87,265754,289864.272,1.0
2018-04-11,10.83,11.11,10.7,11.08,126842,141069.493,1.0
2018-04-12,11.01,11.21,10.95,11.04,89331,100742.229,1.0
2018-04-13,11.04,11.21,10.99,11.0,57196,64558.7,1.0
2018-04-16,10.95,11.24,10.95,10.99,90093,101857.263,1.0
2018-04-17,11.06,11.14,10.6,10.65,110170,121514.533,1.0
2018-04-18,10.71,10.87,10.55,10.76,93831,102413.301,1.0
2018-04-19,10.83,10.86,10.66,10.78,71145,78038.187,1.0
2018-04-20,10.72,10.72,10.14,10.4,166180,175495.567,1.0
2018-04-23,10.28,10.43,10.01,10.31,92736,96815.636,1.0
2018-04-24,10.31,10.52,10.24,10.45,74587,79271.742,1.0
2018-04-25,10.41,10.62,10.37,10.41,55982,59835.962,1.0
2018-04-26,10.48,10.49,10.14,10.15,66573,69971.288,1.0
2018-04-27,10.2,10.95,10.19,10.65,181159,195655.361,1.0
2018-05-02,10.68,11.02,10.58,10.96,146519,161512.828,1.0
2018-05-03,10.9,11.08,10.71,10.95,76877,85366.682,1.0
2018-05-04,10.99,11.0,10.79,10.85,53645,59447.653,1.0
2018-05-07,10.85,11.07,10.8,11.04,62002,69283.075,1.0
2018-05-08,11.08,11.08,10.9,11.03,60475,67774.926,1.0
2018-05-09,11.07,11.08,10.85,10.92,47301,52667.169,1.0
2018-05-10,10.92,11.19,10.88,11.14,86938,98019.502,1.0
2018-05-11,11.17,11.26,10.99,11.04,49362,55771.067,1.0
2018-05-14,11.03,11.1,10.76,10.76,53180,58936.614,1.0
2018-05-15,10.78,11.0,10.73,10.93,60110,66616.755,1.0
2018-05-16,10.94,11.05,10.83,10.87,53454,59530.452,1.0
2018-05-17,10.87,10.95,10.7,10.71,48495,53205.641,1.0
2018-05-18,10.71,10.91,10.7,10.88,51361,56607.949,1.0
2018-05-21,10.96,11.14,10.9,11.14,81414,91284.697,1.0
2018-05-22,11.06,11.31,11.02,11.21,99541,113082.421,1.0
2018-05-23,11.21,11.27,11.01,11.17,86116,97837.811,1.0
2018-05-24,11.2,11.4,11.12,11.14,64494,73647.283,1.0
2018-05-25,11.16,11.18,10.83,10.98,62811,69910.634,1.0
2018-05-28,10.92,11.06,10.77,10.84,46368,51438.968,1.0
2018-05-29,10.83,11.16,10.83,10.99,67438,75627.97,1.0
2018-05-30,10.76,10.92,10.68,10.75,64119,70248.863,1.0
2018-05-31,10.8,10.87,9.66,9.87,353912,355999.984,1.0
2018-06-01,9.81,10.1,9.68,10.03,164732,167276.588,1.0
2018-06-04,9.71,9.95,9.3,9.75,215468,209057.334,1.0
2018-06-05,9.7,10.5,9.65,10.35,176170,180457.061,1.0
2018-06-06,10.23,10.33,10.13,10.22,68904,71772.071,1.0
2018-06-07,10.22,10.43,10.03,10.21,84856,87739.518,1.0
2018-06-08,10.17,10.31,10.01,10.18,80136,82721.875,1.0
2018-06-11,10.21,10.28,9.86,9.89,70053,71306.458,1.0
2018-06-12,9.93,10.6,9.93,10.47,119578,126301.511,1.0
2018-06-13,10.55,10.77,10.36,10.38,93840,100824.356,1.0
2018-06-14,10.55,10.55,10.24,10.33,78069,82264.54,1.0
2018-06-15,10.3,10.4,9.98,10.18,66347,68553.79,1.0
2018-06-19,9.94,10.23,9.57,9.65,130343,131092.44,1.0
2018-06-20,9.78,10.47,9.68,10.43,121420,126148.769,1.0
2018-06-21,10.36,10.43,9.77,10.09,120714,123487.832,1.0
2018-06-22,10.01,10.48,9.89,10.28,80450,84258.192,1.0
2018-06-25,10.31,10.66,10.22,10.61,144735,154986.058,1.0
2018-06-26,10.5,10.66,10.2,10.38,148642,156970.383,1.0
2018-06-27,10.33,10.36,9.8,10.02,151759,154554.518,1.0
2018-06-28,9.92,10.23,9.92,10.01,66826,68439.503,1.0
2018-06-29,10.01,10.48,10.0,10.48,101347,106404.854,1.0
2018-07-02,10.48,10.55,10.13,10.28,88049,92294.14,1.0
2018-07-03,10.41,10.59,10.11,10.53,133682,141558.82,1.0
2018-07-04,10.53,10.59,10.23,10.23,86298,90785.731,1.0
2018-07-05,10.18,10.3,10.03,10.05,51825,53485.56,1.0
2018-07-06,10.06,10.2,9.03,9.46,177800,170869.004,1.0
2018-07-09,9.35,9.57,9.26,9.45,84629,81392.344,1.0
2018-07-10,9.43,9.63,9.35,9.61,60747,58930.279,1.0
2018-07-11,9.46,9.55,9.34,9.47,63316,60832.978,1.0
2018-07-12,9.45,9.85,9.42,9.74,89714,88367.583,1.0
2018-07-13,9.77,9.77,9.55,9.6,87301,85549.099,1.0
2018-07-16,9.49,9.58,9.32,9.53,76358,73345.521,1.0
2018-07-17,9.48,9.69,9.45,9.55,41581,40447.716,1.0
2018-07-18,9.61,9.71,9.55,9.58,49051,48051.97,1.0
2018-07-19,9.53,9.71,9.41,9.45,39675,38581.056,1.0
2018-07-20,9.46,9.62,9.43,9.62,31610,30768.5,1.0
2018-07-23,9.64,9.75,9.58,9.73,39788,39068.684,1.0
2018-07-24,9.76,9.89,9.66,9.79,48694,48605.138,1.0
2018-07-25,9.85,9.9,9.68,9.73,42962,42716.212,1.0
2018-07-26,9.71,9.88,9.67,9.85,42798,42721.981,1.0
2018-07-27,9.88,9.88,9.68,9.77,32251,31999.975,1.0
2018-07-30,9.61,9.68,9.45,9.53,34845,33890.986,1.0
2018-07-31,9.53,9.59,9.39,9.47,27052,26097.814,1.0
2018-08-01,9.5,9.64,9.43,9.46,26109,25291.434,1.0
2018-08-02,9.46,9.57,9.03,9.19,69897,65910.145,1.0
2018-08-03,9.33,9.41,9.13,9.13,35586,33616.525,1.0
2018-08-06,9.24,9.39,8.88,9.01,62013,57466.309,1.0
2018-08-07,9.07,9.23,8.99,9.15,41349,38542.723,1.0
2018-08-08,9.2,9.28,9.11,9.16,49421,46253.529,1.0
2018-08-09,9.14,9.44,9.11,9.27,56511,53549.196,1.0
2018-08-10,9.25,9.3,9.08,9.16,63895,59627.332,1.0
2018-08-13,9.18,9.21,8.99,9.18,55004,51057.335,1.0
2018-08-14,9.19,9.33,9.13,9.22,54158,51005.711,1.0
2018-08-15,9.23,9.23,8.84,8.96,82909,76038.38,1.0
2018-08-16,8.82,9.01,8.67,8.95,48712,43939.898,1.0
2018-08-17,8.88,9.14,8.88,9.1,58791,53984.015,1.0
2018-08-20,9.08,9.18,8.8,9.04,42596,39053.938,1.0
2018-08-21,9.05,9.11,8.97,8.99,20935,19281.533,1.0
2018-08-22,8.9,9.03,8.89,8.94,18109,16534.99,1.0
2018-08-23,8.98,9.09,8.93,9.03,23527,21637.008,1.0
2018-08-24,9.04,9.06,8.94,8.94,15291,13996.659,1.0
2018-08-27,9.02,9.24,9.02,9.21,42859,39984.142,1.0
2018-08-28,9.26,9.32,9.18,9.28,24986,23560.24,1.0
2018-08-29,9.24,9.29,8.63,9.21,36378,33832.473,1.0
2018-08-30,9.15,9.34,9.14,9.29,38543,36333.797,1.0
2018-08-31,9.28,9.28,8.99,9.04,39564,36652.117,1.0
2018-09-03,9.04,9.42,8.94,9.35,52076,49114.474,1.0
2018-09-04,9.38,9.67,9.32,9.51,70764,68966.996,1.0
2018-09-05,9.62,9.78,9.5,9.61,57525,56683.221,1.0
2018-09-06,9.61,9.71,9.52,9.52,75994,74427.251,1.0
2018-09-07,9.44,9.9,9.44,9.46,89161,87777.144,1.0
2018-09-10,9.48,9.73,9.44,9.51,96638,94196.348,1.0
2018-09-11,9.56,9.78,9.4,9.41,98023,95376.758,1.0
2018-09-12,9.42,9.87,9.42,9.7,109377,108371.475,1.0
2018-09-13,9.78,9.82,9.61,9.76,76257,75491.505,1.0
2018-09-14,9.77,9.79,9.52,9.55,37340,36638.589,1.0
2018-09-17,9.59,9.6,8.94,9.01,60448,56774.358,1.0
2018-09-18,8.99,9.93,8.99,9.93,124794,122345.299,1.0
2018-09-19,9.94,10.05,9.86,9.92,119920,121386.476,1.0
2018-09-20,9.92,10.01,9.76,9.79,62519,62538.375,1.0
2018-09-21,9.88,9.88,9.59,9.71,74318,73653.134,1.0
2018-09-25,9.65,9.81,9.57,9.64,58715,57876.163,1.0
2018-09-26,9.69,9.73,9.53,9.61,70654,69214.67,1.0
2018-09-27,9.58,9.65,9.25,9.32,84004,80299.383,1.0
2018-09-28,9.3,9.44,9.28,9.41,44263,42170.359,1.0
2018-10-08,9.24,9.62,9.03,9.3,99542,95715.882,1.0
2018-10-09,9.36,9.39,8.96,9.04,58825,54571.554,1.0
2018-10-10,9.04,9.17,8.71,9.0,70650,64072.441,1.0
2018-10-11,8.79,8.98,8.54,8.64,86224,77168.891,1.0
2018-10-12,8.52,8.9,8.43,8.69,78258,69644.111,1.0
2018-10-15,8.32,9.19,8.32,9.03,112595,102666.28,1.0
2018-10-16,9.03,9.31,8.91,9.08,101053,93868.979,1.0
2018-10-17,9.19,9.82,9.13,9.69,114543,111553.411,1.0
2018-10-18,9.71,10.14,9.57,9.88,127109,127936.698,1.0
2018-10-19,9.87,10.04,9.76,9.89,68641,69375.061,1.0
2018-10-22,9.89,10.46,9.89,10.24,81751,85556.727,1.0
2018-10-23,10.13,10.37,10.04,10.13,55790,57813.401,1.0
2018-10-24,10.04,10.53,10.04,10.18,67903,70578.327,1.0
2018-10-25,10.13,10.33,9.89,10.28,59061,60514.514,1.0
2018-10-26,10.24,10.41,10.06,10.22,43918,45669.609,1.0
2018-10-29,10.21,10.31,9.9,10.09,55499,57123.331,1.0
2018-10-30,10.11,10.41,10.05,10.19,52921,55001.563,1.0
2018-10-31,10.19,10.28,10.13,10.16,39718,41192.913,1.0
2018-11-01,10.21,10.9,10.13,10.45,101814,108986.742,1.0
2018-11-02,10.78,10.82,10.47,10.67,115473,125393.942,1.0
2018-11-05,10.63,10.74,10.35,10.49,54732,58621.556,1.0
2018-11-06,10.46,10.62,10.19,10.5,40506,42828.059,1.0
2018-11-07,10.5,10.8,10.42,10.51,47219,51166.997,1.0
2018-11-08,10.51,10.57,10.11,10.33,62973,65608.435,1.0
2018-11-09,10.13,10.24,9.88,9.93,61724,63009.322,1.0
2018-11-12,10.03,10.72,9.91,10.7,153077,162702.301,1.0
2018-11-13,10.58,11.36,10.55,10.78,203647,225823.934,1.0
2018-11-14,10.71,11.04,10.32,10.41,176076,189744.947,1.0
2018-11-15,10.43,10.58,10.27,10.37,119158,125560.934,1.0
2018-11-16,10.4,10.45,10.08,10.14,125679,130508.295,1.0
2018-11-19,10.13,10.17,10.01,10.13,115787,118535.911,1.0
2018-11-20,10.1,10.1,9.21,9.26,246784,240597.128,1.0
2018-11-21,9.19,9.29,8.93,9.04,196307,181428.282,1.0
2018-11-22,9.07,9.12,8.91,9.0,113911,104854.39,1.0
2018-11-23,8.99,9.05,8.8,8.84,108853,98892.269,1.0
2018-11-26,8.83,8.87,8.59,8.7,82546,73474.257,1.0
2018-11-27,8.73,8.9,8.66,8.87,78237,70104.58,1.0
2018-11-28,8.86,9.04,8.66,9.01,129937,118102.812,1.0
2018-11-29,9.01,9.03,8.55,8.57,124572,111641.026,1.0
2018-11-30,8.48,8.74,8.4,8.66,76455,66884.47,1.0
2018-12-03,8.83,8.97,8.74,8.86,124751,112695.89,1.0
2018-12-04,8.85,8.85,8.66,8.76,81359,72550.706,1.0
2018-12-05,8.59,8.75,8.38,8.47,170399,148507.077,1.0
2018-12-06,8.5,8.72,8.43,8.68,169771,148670.679,1.0
2018-12-07,8.65,8.77,8.55,8.6,87584,77025.682,1.0
2018-12-10,8.59,8.79,8.48,8.72,100005,88514.22,1.0
2018-12-11,8.72,8.89,8.67,8.75,80374,71870.152,1.0
2018-12-12,8.76,8.89,8.75,8.78,69751,62609.837,1.0
2018-12-13,8.83,8.93,8.65,8.85,84693,76148.87,1.0
2018-12-14,8.83,8.83,8.59,8.63,60289,53615.409,1.0
2018-12-17,8.55,8.67,8.44,8.54,62290,54419.05,1.0
2018-12-18,8.43,8.72,8.39,8.66,70283,61350.925,1.0
2018-12-19,8.64,8.66,8.55,8.57,40187,35199.775,1.0
2018-12-20,8.6,8.88,8.53,8.84,102965,91902.923,1.0
2018-12-21,8.8,9.06,8.77,8.94,158438,144569.688,1.0
2018-12-24,9.01,9.05,8.93,8.98,112613,103133.439,1.0
2018-12-25,8.92,9.28,8.86,9.15,138135,127122.934,1.0
2018-12-26,9.13,9.29,8.96,9.0,140766,130247.361,1.0
2018-12-27,9.08,9.13,8.67,8.7,140872,127810.493,1.0
2018-12-28,8.7,8.92,8.6,8.79,117149,104751.953,1.0
2019-01-02,8.56,8.56,7.89,7.89,222222,181981.276,1.0
2019-01-03,7.9,7.9,7.6,7.61,135632,106572.412,1.0
2019-01-04,7.55,7.73,7.41,7.65,154027,119297.132,1.0
2019-01-07,7.65,7.75,7.51,7.67,162518,127091.105,1.0
2019-01-08,7.58,7.75,7.57,7.63,75984,59579.107,1.0
2019-01-09,7.69,7.85,7.59,7.65,102845,81109.283,1.0
2019-01-10,7.65,7.71,7.48,7.56,115177,89659.182,1.0
2019-01-11,7.53,7.62,7.48,7.58,66221,51106.011,1.0
2019-01-14,7.59,7.62,7.33,7.36,82802,63159.692,1.0
2019-01-15,7.36,7.58,7.34,7.56,88714,67913.328,1.0
2019-01-16,7.56,7.69,7.52,7.6,104344,81376.622,1.0
2019-01-17,7.6,7.72,7.46,7.52,100084,77929.892,1.0
2019-01-18,7.52,7.59,7.43,7.58,67498,51990.721,1.0
2019-01-21,7.57,7.64,7.48,7.53,84636,65306.237,1.0
2019-01-22,7.52,7.53,7.24,7.3,125779,94638.428,1.0
2019-01-23,7.3,7.41,7.27,7.35,65520,49312.307,1.0
2019-01-24,7.38,7.59,7.33,7.43,91998,70236.701,1.0
2019-01-25,7.49,7.49,7.29,7.29,66259,50086.512,1.0
2019-01-28,7.36,7.47,7.29,7.3,60866,45788.759,1.0
2019-01-29,7.25,7.29,6.82,6.94,119101,85220.429,1.0
2019-01-30,6.95,7.14,6.86,7.03,84550,61080.565,1.0
2019-01-31,6.97,7.11,6.31,6.31,241462,161573.94,1.0
2019-02-01,6.33,6.38,6.18,6.3,183018,118380.3,1.0
2019-02-11,6.39,6.48,6.33,6.47,249806,164135.183,1.0
2019-02-12,6.51,6.79,6.48,6.64,201072,136889.289,1.0
2019-02-13,6.67,6.77,6.61,6.73,165226,113574.149,1.0
2019-02-14,6.76,6.77,6.64,6.7,171986,118314.086,1.0
2019-02-15,6.69,6.77,6.61,6.65,179443,123148.688,1.0
2019-02-18,6.66,7.03,6.66,7.02,269764,189966.95,1.0
2019-02-19,6.99,7.09,6.86,6.96,229981,164178.591,1.0
2019-02-20,6.96,7.05,6.9,7.01,158747,113451.746,1.0
2019-02-21,7.03,7.23,6.88,7.01,298339,215828.559,1.0
2019-02-22,6.92,7.35,6.91,7.32,280238,205866.253,1.0
2019-02-25,7.33,7.9,7.33,7.8,355954,276997.12,1.0
2019-02-26,7.81,8.28,7.51,7.88,284173,228827.775,1.0
2019-02-27,7.91,8.27,7.91,8.26,285819,237127.877,1.0
2019-02-28,8.08,8.17,7.88,7.96,248011,202575.684,1.0
2019-03-01,8.02,8.02,7.76,7.84,192336,154446.994,1.0
2019-03-04,7.92,8.17,7.86,7.94,239306,195611.729,1.0
2019-03-05,7.85,8.27,7.83,8.27,200143,165238.362,1.0
2019-03-06,8.23,8.32,8.05,8.26,259812,216515.183,1.0
2019-03-07,8.22,8.43,8.07,8.27,310680,261170.467,1.0
2019-03-08,8.16,8.28,7.75,7.77,245786,201344.753,1.0
2019-03-11,7.77,8.56,7.73,8.53,413249,349162.624,1.0
2019-03-12,8.46,8.82,8.36,8.62,436220,382019.152,1.0
2019-03-13,8.51,8.61,8.09,8.11,262793,224141.121,1.0
2019-03-14,8.13,8.39,7.98,8.23,200923,168065.135,1.0
2019-03-15,8.18,8.27,8.05,8.2,174091,145138.75,1.0
2019-03-18,8.2,8.25,8.0,8.21,143450,118776.777,1.0
2019-03-19,8.2,8.39,8.05,8.39,223933,188910.133,1.0
2019-03-20,8.37,8.37,7.97,8.13,241985,200406.497,1.0
2019-03-21,8.1,8.28,8.07,8.2,248896,208151.751,1.0
2019-03-22,8.22,8.28,8.04,8.28,227368,189313.97,1.0
2019-03-25,8.17,8.17,7.88,7.91,231733,189787.529,1.0
2019-03-26,7.94,7.98,7.56,7.56,202333,160583.243,1.0
2019-03-27,7.63,7.69,7.52,7.69,167930,130617.618,1.0
2019-03-28,7.71,7.8,7.6,7.63,115985,91253.591,1.0
2019-03-29,7.63,7.83,7.55,7.83,146781,115585.621,1.0
2019-04-01,7.86,8.1,7.85,8.08,222082,181335.199,1.0
2019-04-02,8.12,8.13,7.94,7.98,199735,163793.524,1.0
2019-04-03,7.95,8.01,7.88,8.0,157003,127428.289,1.0
2019-04-04,8.03,8.09,7.9,7.91,160742,131129.755,1.0
2019-04-08,7.93,8.01,7.62,7.69,223641,178302.181,1.0
2019-04-09,7.69,8.1,7.6,8.0,263116,212846.345,1.0
2019-04-10,7.91,7.93,7.71,7.76,207837,165353.02,1.0
2019-04-11,7.77,7.81,7.63,7.7,150757,118646.775,1.0
2019-04-12,7.7,7.74,7.6,7.71,117436,91957.897,1.0
2019-04-15,7.8,7.87,7.62,7.64,129769,102551.079,1.0
2019-04-16,7.62,7.75,7.42,7.74,159738,123606.064,1.0
2019-04-17,7.7,7.78,7.66,7.74,121857,96172.057,1.0
2019-04-18,7.74,7.89,7.7,7.77,150445,120108.953,1.0
2019-04-19,7.75,7.97,7.6,7.96,174745,138667.602,1.0
2019-04-22,7.93,7.99,7.71,7.78,143158,115210.941,1.0
2019-04-23,7.76,8.04,7.72,7.89,201459,162676.824,1.0
2019-04-24,7.83,7.94,7.52,7.76,180279,142059.144,1.0
2019-04-25,7.66,7.74,7.23,7.27,181016,138671.346,1.0
2019-04-26,7.27,7.35,7.09,7.18,125822,93139.928,1.0
2019-04-29,7.2,7.26,6.9,6.92,112066,80671.688,1.0
2019-04-30,6.9,7.06,6.89,6.96,96649,69062.708,1.0
2019-05-06,6.8,6.8,6.37,6.51,139508,94787.857,1.0
2019-05-07,6.58,6.66,6.45,6.56,75397,50750.046,1.0
2019-05-08,6.47,6.55,6.38,6.43,134674,89147.126,1.0
2019-05-09,6.42,6.45,6.33,6.34,79416,52154.56,1.0
2019-05-10,6.42,6.54,6.33,6.54,106753,70719.251,1.0
2019-05-13,6.48,6.49,6.37,6.4,64316,42380.691,1.0
2019-05-14,6.33,6.41,6.29,6.33,62797,40964.987,1.0
2019-05-15,6.34,6.44,6.34,6.43,74518,48887.91,1.0
2019-05-16,6.43,6.48,6.37,6.46,70713,46709.306,1.0
2019-05-17,6.47,6.48,6.08,6.12,104480,67243.252,1.0
2019-05-20,6.1,6.2,6.09,6.17,50334,31801.47,1.0
2019-05-21,6.21,6.35,6.18,6.28,55446,35755.09,1.0
2019-05-22,6.27,6.3,6.15,6.19,53091,33949.588,1.0
2019-05-23,6.16,6.21,6.03,6.07,64069,40216.677,1.0
2019-05-24,6.04,6.13,6.02,6.03,44721,27844.146,1.0
2019-05-27,6.07,6.26,6.05,6.23,68865,43797.163,1.0
2019-05-28,6.22,6.28,6.18,6.22,64165,41025.584,1.0
2019-05-29,6.22,6.23,6.07,6.2,68085,43267.453,1.0
2019-05-30,6.17,6.29,6.17,6.23,66774,42700.867,1.0
2019-05-31,6.22,6.24,6.16,6.21,71280,45463.903,1.0
2019-06-03,6.21,6.22,6.06,6.07,47980,30199.427,1.0
2019-06-04,6.06,6.17,6.03,6.1,44900,28174.115,1.0
2019-06-05,6.16,6.21,6.11,6.11,34100,21572.261,1.0
2019-06-06,6.17,6.17,6.01,6.02,43721,27262.904,1.0
2019-06-10,6.04,6.11,5.95,6.09,46175,28758.894,1.0
2019-06-11,6.09,6.32,6.06,6.29,79696,50921.23,1.0
2019-06-12,6.3,6.33,6.23,6.23,53695,34571.22,1.0
2019-06-13,6.22,6.47,6.19,6.43,94378,61861.854,1.0
2019-06-14,6.39,6.47,6.23,6.26,70830,46045.342,1.0
2019-06-17,6.25,6.42,6.21,6.37,52786,34459.058,1.0
2019-06-18,6.38,6.67,6.36,6.62,130461,87645.767,1.0
2019-06-19,6.71,6.74,6.58,6.65,103005,70429.254,1.0
2019-06-20,6.61,6.73,6.51,6.65,114068,77678.787,1.0
2019-06-21,6.75,6.83,6.66,6.71,107340,74179.96,1.0
2019-06-24,6.7,6.7,6.56,6.63,67662,45978.781,1.0
2019-06-25,6.68,6.68,6.46,6.52,47071,31546.526,1.0
2019-06-26,6.52,6.64,6.48,6.54,45935,31024.87,1.0
2019-06-27,6.58,6.66,6.54,6.62,57889,39315.004,1.0
2019-06-28,6.59,6.61,6.47,6.56,52807,35357.574,1.0
2019-07-01,6.66,6.77,6.6,6.67,62344,42755.107,1.0
2019-07-02,6.67,6.71,6.6,6.65,52483,35733.426,1.0
2019-07-03,6.6,6.62,6.37,6.43,73254,48740.075,1.0
2019-07-04,6.43,6.49,6.31,6.4,64460,42327.303,1.0
2019-07-05,6.4,6.4,6.23,6.3,95232,61502.448,1.0
2019-07-08,6.31,6.32,6.1,6.13,73261,46460.053,1.0
2019-07-09,6.16,6.16,6.05,6.13,57283,35807.752,1.0
2019-07-10,6.15,6.15,6.03,6.08,64217,39938.532,1.0
2019-07-11,6.08,6.19,6.08,6.13,62962,39541.58,1.0
2019-07-12,6.1,6.31,6.1,6.27,90181,57572.02,1.0
2019-07-15,6.17,6.22,5.98,6.13,92265,57854.366,1.0
2019-07-16,6.11,6.15,6.01,6.04,53683,33324.47,1.0
2019-07-17,6.04,6.04,5.98,6.01,53288,32799.391,1.0
2019-07-18,5.99,6.02,5.95,6.0,53915,33042.73,1.0
2019-07-19,6.0,6.09,5.98,6.02,50979,31509.084,1.0
2019-07-22,6.05,6.06,5.91,6.02,46299,28463.986,1.0
2019-07-23,6.01,6.09,5.99,6.06,28302,17505.826,1.0
2019-07-24,6.07,6.19,6.07,6.16,68202,42893.889,1.0
2019-07-25,6.12,6.22,6.1,6.13,35594,22382.654,1.0
2019-07-26,6.07,6.2,6.07,6.19,38974,24594.201,1.0
2019-07-29,6.23,6.35,6.2,6.34,71133,45830.683,1.0
2019-07-30,6.34,6.59,6.3,6.41,100416,66470.481,1.0
2019-07-31,6.45,6.47,6.37,6.38,57034,37456.847,1.0
2019-08-01,6.34,6.51,6.31,6.41,88038,57886.317,1.0
2019-08-02,6.3,6.59,6.26,6.56,139209,92490.812,1.0
2019-08-05,6.55,6.63,6.41,6.44,85013,56656.035,1.0
2019-08-06,6.4,6.54,6.21,6.49,132665,87295.768,1.0
2019-08-07,6.5,6.53,6.35,6.35,52766,34548.272,1.0
2019-08-08,6.39,6.43,6.24,6.27,54966,35631.776,1.0
2019-08-09,6.32,6.32,6.17,6.24,47588,30434.867,1.0
2019-08-12,6.2,6.27,6.14,6.26,27745,17652.152,1.0
2019-08-13,6.23,6.3,6.2,6.26,31677,20287.185,1.0
2019-08-14,6.28,6.79,6.27,6.54,110882,74175.844,1.0
2019-08-15,6.39,6.71,6.37,6.68,99057,66847.862,1.0
2019-08-16,6.64,6.68,6.52,6.58,70511,47554.61,1.0
2019-08-19,6.59,6.77,6.55,6.74,89144,60787.744,1.0
2019-08-20,6.74,6.84,6.63,6.65,90479,62440.793,1.0
2019-08-21,6.69,6.69,6.48,6.57,99508,66924.633,1.0
2019-08-22,6.61,6.68,6.48,6.51,73309,49099.132,1.0
2019-08-23,6.51,6.53,6.3,6.37,92379,60420.818,1.0
2019-08-26,6.23,6.42,6.18,6.4,83431,53951.927,1.0
2019-08-27,6.39,6.56,6.35,6.48,71232,47272.87,1.0
2019-08-28,6.44,6.54,6.4,6.42,44964,29692.849,1.0
2019-08-29,6.44,6.47,6.35,6.43,39705,26030.598,1.0
2019-08-30,6.41,6.58,6.17,6.25,123905,80620.404,1.0
2019-09-02,6.25,6.68,6.19,6.61,152454,101439.857,1.0
2019-09-03,6.65,7.18,6.6,7.06,300847,213158.011,1.0
2019-09-04,7.08,7.43,6.92,7.37,250024,185500.253,1.0
2019-09-05,7.42,7.57,7.33,7.41,209351,159544.125,1.0
2019-09-06,7.48,7.57,7.39,7.48,143220,109077.721,1.0
2019-09-09,7.48,7.6,7.35,7.41,123260,93291.989,1.0
2019-09-10,7.51,7.51,7.23,7.31,113060,84434.183,1.0
2019-09-11,7.39,7.39,7.15,7.16,100185,73966.629,1.0
2019-09-12,7.22,7.25,7.12,7.19,112734,82529.582,1.0
2019-09-16,7.19,7.31,7.07,7.17,172868,126993.71,1.0
2019-09-17,7.17,7.22,6.88,7.02,133429,95787.217,1.0
2019-09-18,7.05,7.2,6.97,7.05,142725,102807.972,1.0
2019-09-19,7.1,7.22,7.01,7.18,114163,82831.396,1.0
2019-09-20,7.13,7.31,7.01,7.02,111647,81293.926,1.0
2019-09-23,6.99,7.25,6.93,7.19,124082,89924.522,1.0
2019-09-24,7.15,7.23,6.93,7.01,152707,110195.616,1.0
2019-09-25,6.96,6.97,6.7,6.75,107763,74745.743,1.0
2019-09-26,6.76,6.84,6.61,6.67,85997,59018.702,1.0
2019-09-27,6.7,6.91,6.58,6.76,117087,80476.176,1.0
2019-09-30,6.73,6.75,6.4,6.45,111647,74847.401,1.0
2019-10-08,6.47,6.53,6.2,6.27,141641,91571.227,1.0
2019-10-09,6.33,6.33,6.13,6.26,84605,53924.424,1.0
2019-10-10,6.26,6.53,6.24,6.5,106971,70105.951,1.0
2019-10-11,6.48,6.55,6.4,6.48,67007,44289.074,1.0
2019-10-14,6.55,6.65,6.42,6.45,88586,59107.954,1.0
2019-10-15,6.44,6.54,6.25,6.39,89930,58541.907,1.0
2019-10-16,6.31,6.39,6.2,6.3,77421,49852.521,1.0
2019-10-17,6.29,6.37,6.27,6.33,41863,27106.813,1.0
2019-10-18,6.3,6.39,6.2,6.27,44320,28592.458,1.0
2019-10-21,6.27,6.27,6.02,6.05,95735,59648.423,1.0
2019-10-22,6.05,6.34,6.04,6.28,83444,53083.017,1.0
2019-10-23,6.28,6.36,6.23,6.26,46327,29819.361,1.0
2019-10-24,6.22,6.32,6.17,6.29,60550,38726.754,1.0
2019-10-25,6.28,6.4,6.26,6.36,66721,43355.294,1.0
2019-10-28,6.35,6.65,6.31,6.56,106959,71805.638,1.0
2019-10-29,6.58,6.59,6.4,6.44,46448,30798.731,1.0
2019-10-30,6.44,6.5,6.28,6.31,66270,43047.025,1.0
2019-10-31,6.35,6.36,6.21,6.25,42921,27572.801,1.0
2019-11-01,6.25,6.37,6.22,6.3,45179,29183.544,1.0
2019-11-04,6.36,6.42,6.15,6.17,80410,51301.082,1.0
2019-11-05,6.17,6.19,6.06,6.14,81566,51139.793,1.0
2019-11-06,6.15,6.16,6.01,6.05,59932,37278.136,1.0
2019-11-07,6.03,6.12,5.98,6.06,47422,29418.264,1.0
2019-11-08,6.08,6.51,6.08,6.25,181253,117188.574,1.0
2019-11-11,6.26,6.38,6.2,6.26,92088,59235.601,1.0
2019-11-12,6.24,6.42,6.19,6.39,96193,62329.416,1.0
2019-11-13,6.44,6.45,6.31,6.36,94104,61592.93,1.0
2019-11-14,6.47,6.57,6.34,6.55,174089,115807.671,1.0
2019-11-15,6.51,6.69,6.45,6.55,114330,76938.636,1.0
2019-11-18,6.47,6.67,6.43,6.58,143493,95892.706,1.0
2019-11-19,6.6,7.03,6.52,6.98,214745,150285.716,1.0
2019-11-20,7.02,7.1,6.92,6.95,118518,84682.076,1.0
2019-11-21,6.91,7.04,6.85,6.89,134194,94943.764,1.0
2019-11-22,6.9,6.94,6.64,6.71,201381,139707.631,1.0
2019-11-25,6.74,6.75,6.53,6.58,83926,56658.17,1.0
2019-11-26,6.64,6.69,6.53,6.55,109228,73568.906,1.0
2019-11-27,6.56,6.58,6.26,6.3,173873,113347.367,1.0
2019-11-28,6.29,6.38,6.09,6.13,109181,69010.18,1.0
2019-11-29,6.14,6.14,6.0,6.05,117465,72844.024,1.0
2019-12-02,6.09,6.22,5.95,6.18,200158,124297.995,1.0
2019-12-03,6.11,6.19,6.02,6.08,108367,67463.986,1.0
2019-12-04,6.07,6.09,5.86,5.89,159118,96904.061,1.0
2019-12-05,5.9,5.94,5.76,5.85,188837,112798.1,1.0
2019-12-06,5.83,6.45,5.77,6.45,459327,291152.272,1.0
2019-12-09,6.35,6.84,6.3,6.74,453367,304524.272,1.0
2019-12-10,6.7,7.16,6.56,6.98,371568,262820.211,1.0
2019-12-11,6.94,7.2,6.81,6.89,313724,223657.35,1.0
2019-12-12,7.03,7.3,6.9,7.13,355049,258079.807,1.0
2019-12-13,7.14,7.23,6.93,7.05,316974,227877.645,1.0
2019-12-16,7.09,7.33,6.99,7.24,314947,230345.1,1.0
2019-12-17,7.15,7.28,7.1,7.18,276093,202218.623,1.0
2019-12-18,7.14,7.2,7.02,7.16,245416,178446.493,1.0
2019-12-19,7.16,7.69,7.13,7.57,410106,311463.696,1.0
2019-12-20,7.45,7.52,7.21,7.46,316229,238062.243,1.0
2019-12-23,7.39,7.52,7.13,7.29,187411,139646.0,1.0
2019-12-24,7.28,7.45,7.07,7.36,134143,99051.632,1.0
2019-12-25,7.4,7.66,7.19,7.45,272103,206869.958,1.0
2019-12-26,7.42,7.45,7.17,7.3,125832,93610.741,1.0
2019-12-27,7.25,7.5,7.2,7.3,233495,175473.556,1.0
2019-12-30,7.25,7.32,7.07,7.12,189668,139021.58,1.0
2019-12-31,7.17,7.34,7.04,7.25,204867,151117.469,1.0
2020-01-02,7.29,7.97,7.21,7.81,454438,357465.68,1.0
2020-01-03,7.95,8.23,7.71,8.05,500754,405855.568,1.0
2020-01-06,7.94,8.84,7.91,8.48,623871,538409.488,1.0
2020-01-07,8.4,9.07,8.4,8.7,538335,482399.728,1.0
2020-01-08,8.65,8.71,8.31,8.48,405354,351247.248,1.0
2020-01-09,8.55,8.71,8.17,8.63,381587,329157.68,1.0
2020-01-10,8.53,8.56,8.17,8.21,238305,201093.768,1.0
2020-01-13,8.23,8.38,7.98,8.26,279778,232953.587,1.0
2020-01-14,8.26,8.31,7.84,7.86,316832,257819.534,1.0
2020-01-15,7.88,8.06,7.71,7.83,279919,224105.717,1.0
2020-01-16,7.88,7.98,7.66,7.76,195657,155118.731,1.0
2020-01-17,7.75,7.95,7.52,7.58,208439,162837.383,1.0
2020-01-20,7.58,7.64,7.28,7.47,435278,329692.592,1.0
2020-01-21,7.21,8.23,7.21,8.23,766918,624987.936,1.0
2020-01-22,8.05,8.27,7.4,8.1,859715,684843.84,1.0
2020-01-23,7.81,8.04,7.44,7.58,543022,426553.984,1.0
2020-02-03,6.81,7.11,6.81,6.81,189141,133239.377,1.0
2020-02-04,6.7,7.33,6.58,7.1,347168,245754.093,1.0
2020-02-05,7.18,7.83,7.14,7.83,400530,310193.712,1.0
2020-02-06,7.83,8.61,7.78,8.15,569868,469556.016,1.0
2020-02-07,8.15,8.22,7.86,8.12,292721,240192.27,1.0
2020-02-10,8.35,8.94,8.21,8.7,509803,447235.76,1.0
2020-02-11,8.46,8.88,8.36,8.57,287977,253078.994,1.0
2020-02-12,8.6,9.4,8.58,9.22,289075,265920.834,1.0
2020-02-13,9.16,9.43,8.92,9.03,283309,263300.67,1.0
2020-02-14,9.06,9.21,8.87,9.16,161704,148595.353,1.0
2020-02-17,9.24,9.85,9.1,9.57,234055,227345.254,1.0
2020-02-18,9.57,9.67,9.25,9.38,222224,211804.427,1.0
2020-02-19,9.35,9.37,9.0,9.17,207345,193728.67,1.0
2020-02-20,9.06,9.35,8.94,9.28,194889,181196.323,1.0
2020-02-21,9.27,9.37,9.07,9.14,164859,153805.76,1.0
2020-02-24,9.05,9.27,8.85,8.95,318709,290508.944,1.0
2020-02-25,9.0,9.01,8.33,8.61,429817,374275.184,1.0
2020-02-26,8.49,8.56,7.91,7.91,523081,434870.288,1.0
2020-02-27,8.01,8.23,7.91,7.94,298778,244750.797,1.0
2020-02-28,7.78,8.1,7.62,7.73,409816,326947.424,1.0
2020-03-02,7.91,8.12,7.79,8.02,297939,242635.425,1.0
2020-03-03,8.1,8.28,7.94,7.98,279623,231624.501,1.0
2020-03-04,7.91,8.2,7.88,8.18,167676,137871.142,1.0
2020-03-05,8.26,8.61,8.09,8.44,252402,214939.134,1.0
2020-03-06,8.37,8.63,8.34,8.43,149469,128939.02,1.0
2020-03-09,8.3,8.37,7.98,8.09,173197,144024.393,1.0
2020-03-10,8.07,8.6,8.06,8.54,217259,184192.611,1.0
2020-03-11,8.55,8.67,8.26,8.26,165353,141687.324,1.0
2020-03-12,8.12,8.24,7.93,8.11,171931,141305.434,1.0
2020-03-13,7.8,8.07,7.65,7.91,167742,134300.159,1.0
2020-03-16,7.91,7.93,7.26,7.31,260774,200422.357,1.0
2020-03-17,7.41,7.52,7.17,7.38,151008,113040.027,1.0
2020-03-18,7.38,7.69,7.2,7.36,225158,170178.754,1.0
2020-03-19,7.38,7.56,7.19,7.52,154411,116221.166,1.0
2020-03-20,7.6,7.67,7.38,7.59,99396,76393.186,1.0
2020-03-23,7.35,7.57,7.13,7.36,112109,83812.97,1.0
2020-03-24,7.49,7.63,7.37,7.6,164419,125362.246,1.0
2020-03-25,7.69,7.8,7.57,7.69,132241,103433.382,1.0
2020-03-26,7.61,7.64,7.37,7.37,90666,69216.686,1.0
2020-03-27,7.45,7.47,7.07,7.1,206458,151537.416,1.0
2020-03-30,7.01,7.01,6.45,6.64,286907,194746.765,1.0
2020-03-31,6.73,6.8,6.43,6.5,128701,86200.479,1.0
2020-04-01,6.35,6.67,6.33,6.47,119394,79761.669,1.0
2020-04-02,6.51,6.74,6.45,6.74,80425,54512.81,1.0
2020-04-03,6.72,6.95,6.58,6.68,143255,98321.297,1.0
2020-04-07,6.75,7.04,6.75,6.94,148309,104415.289,1.0
2020-04-08,6.94,7.12,6.91,7.04,116818,83831.974,1.0
2020-04-09,7.07,7.19,6.99,7.05,65839,47594.95,1.0
2020-04-10,7.37,7.64,7.04,7.1,382712,285258.448,1.0
2020-04-13,7.02,7.08,6.7,6.78,175205,122520.53,1.0
2020-04-14,6.89,7.28,6.8,7.21,200567,144925.653,1.0
2020-04-15,7.29,7.76,7.15,7.68,293748,225477.466,1.0
2020-04-16,7.5,7.8,7.48,7.71,177153,138758.989,1.0
2020-04-17,7.84,7.84,7.54,7.59,177825,138979.318,1.0
2020-04-20,7.55,7.67,7.43,7.53,140402,107976.796,1.0
2020-04-21,7.53,7.58,7.36,7.5,94589,72172.127,1.0
2020-04-22,7.38,7.53,7.35,7.49,77954,59369.596,1.0
2020-04-23,7.53,7.53,7.28,7.32,100449,75700.779,1.0
2020-04-24,7.32,7.35,7.12,7.17,103208,75808.891,1.0
2020-04-27,7.22,7.3,6.97,7.04,164851,119184.167,1.0
2020-04-28,7.02,7.4,6.78,7.27,199170,145012.281,1.0
2020-04-29,7.26,7.84,7.26,7.65,254433,197698.673,1.0
2020-04-30,7.74,8.04,7.72,8.0,213864,172271.912,1.0
2020-05-06,7.83,7.98,7.55,7.6,337021,263443.863,1.0
2020-05-07,7.51,7.7,7.43,7.56,191320,147536.998,1.0
2020-05-08,7.55,7.65,7.42,7.57,273871,210781.751,1.0
2020-05-11,7.67,7.69,7.13,7.21,329199,246410.575,1.0
2020-05-12,7.17,7.47,7.06,7.31,323700,239884.346,1.0
2020-05-13,7.22,7.3,7.06,7.24,207174,151598.349,1.0
2020-05-14,7.2,7.45,7.11,7.39,266428,198966.923,1.0
2020-05-15,7.37,7.41,7.08,7.12,198258,145751.863,1.0
2020-05-18,7.06,7.2,6.96,7.14,139539,101286.161,1.0
2020-05-19,7.2,7.55,7.16,7.5,247830,186998.034,1.0
2020-05-20,7.58,7.63,7.33,7.36,156685,119502.32,1.0
2020-05-21,7.47,7.5,7.1,7.11,143549,106213.89,1.0
2020-05-22,7.14,7.21,6.97,7.04,151146,109377.738,1.0
2020-05-25,7.0,7.09,6.65,6.83,196343,137511.876,1.0
2020-05-26,6.86,6.91,6.68,6.83,274603,189948.496,1.0
2020-05-27,6.79,6.84,6.55,6.57,217189,147348.471,1.0
2020-05-28,6.58,6.7,6.47,6.6,167195,112561.76,1.0
2020-05-29,6.58,6.77,6.58,6.69,145936,99770.19,1.0
2020-06-01,6.81,7.0,6.78,6.96,213468,150276.94,1.0
2020-06-02,6.98,7.31,6.98,7.25,289892,212254.156,1.0
2020-06-03,7.23,7.32,7.14,7.19,250531,184758.511,1.0
2020-06-04,7.2,7.38,7.13,7.26,168999,125033.258,1.0
2020-06-05,7.31,7.45,7.19,7.35,218186,163093.758,1.0
2020-06-08,7.37,7.45,7.2,7.34,172397,129016.85,1.0
2020-06-09,7.4,7.49,7.26,7.4,194978,146872.156,1.0
2020-06-10,7.4,7.46,7.24,7.42,148355,111247.84,1.0
2020-06-11,7.4,7.54,7.28,7.31,169872,127897.561,1.0
2020-06-12,7.18,7.51,7.14,7.38,175859,132071.539,1.0
2020-06-15,7.31,7.61,7.23,7.43,252978,192583.965,1.0
2020-06-16,7.46,7.59,7.2,7.25,243078,181267.843,1.0
2020-06-17,7.46,7.84,7.31,7.37,489092,375825.184,1.0
2020-06-18,7.28,7.48,7.08,7.16,298423,220000.541,1.0
2020-06-19,7.12,7.21,7.01,7.11,182069,132084.61,1.0
2020-06-22,7.15,7.19,6.97,7.03,194035,139514.491,1.0
2020-06-23,7.05,7.3,7.0,7.21,293563,214313.436,1.0
2020-06-24,7.18,7.22,7.01,7.06,222799,160929.986,1.0
2020-06-29,7.01,7.14,6.92,7.02,204716,146980.744,1.0
2020-06-30,7.03,7.18,7.02,7.11,162499,117740.518,1.0
2020-07-01,7.13,7.18,6.96,7.08,155162,111917.018,1.0
2020-07-02,7.1,7.8,7.03,7.71,677036,526611.632,1.0
2020-07-03,7.64,7.76,7.46,7.6,509799,393813.504,1.0
2020-07-06,7.66,7.97,7.62,7.93,609550,483820.832,1.0
2020-07-07,7.99,8.3,7.82,8.12,621503,510374.368,1.0
2020-07-08,8.04,8.31,7.91,8.19,615129,508932.4,1.0
2020-07-09,8.15,8.49,8.1,8.22,583723,490046.016,1.0
2020-07-10,8.33,8.96,8.27,8.62,812727,714467.632,1.0
2020-07-13,8.59,8.72,8.37,8.71,624005,541915.264,1.0
2020-07-14,8.61,9.04,8.47,8.68,747506,660905.744,1.0
2020-07-15,8.56,8.69,7.94,7.98,796902,666541.648,1.0
2020-07-16,8.02,8.31,7.63,7.66,675721,547895.008,1.0
2020-07-17,7.74,7.77,7.36,7.46,452481,346457.008,1.0
2020-07-20,7.55,7.68,7.39,7.67,499446,384206.944,1.0
2020-07-21,7.66,7.85,7.56,7.68,352367,276434.224,1.0
2020-07-22,7.6,7.8,7.54,7.64,339867,265734.225,1.0
2020-07-23,7.57,7.64,7.29,7.54,360746,274608.272,1.0
2020-07-24,7.48,7.58,7.11,7.15,325287,242906.747,1.0
2020-07-27,7.17,7.25,7.04,7.15,207873,151324.045,1.0
2020-07-28,7.19,7.25,7.09,7.21,195219,142774.963,1.0
2020-07-29,7.21,7.36,7.1,7.33,340663,250687.905,1.0
2020-07-30,7.29,7.33,7.05,7.11,364759,266618.36,1.0
2020-07-31,7.07,7.24,6.97,7.08,459206,330928.688,1.0
2020-08-03,7.25,7.8,7.24,7.7,923085,718003.552,1.0
2020-08-04,7.67,7.76,7.39,7.43,735511,563904.304,1.0
2020-08-05,7.47,7.53,7.27,7.44,389809,294202.0,1.0
2020-08-06,7.4,7.7,7.39,7.65,603676,465491.68,1.0
2020-08-07,7.59,7.64,7.36,7.62,354109,271135.904,1.0
2020-08-10,7.67,7.73,7.46,7.67,474967,367922.208,1.0
2020-08-11,7.78,8.06,7.74,7.85,812986,652745.936,1.0
2020-08-12,7.93,8.47,7.9,8.43,894673,740403.552,1.0
2020-08-13,8.31,8.72,8.29,8.7,937365,808598.96,1.0
2020-08-14,8.57,8.71,8.35,8.46,503411,435086.336,1.0
2020-08-17,8.59,8.61,8.26,8.46,554496,473458.384,1.0
2020-08-18,8.46,8.51,8.24,8.37,478739,407042.48,1.0
2020-08-19,8.34,8.35,7.94,7.95,487946,401358.112,1.0
2020-08-20,7.91,8.13,7.89,8.08,370500,302780.208,1.0
2020-08-21,8.02,8.5,7.98,8.36,569386,476001.648,1.0
2020-08-24,8.33,8.39,7.98,8.18,406328,338582.544,1.0
2020-08-25,8.24,8.54,8.19,8.41,490105,417648.729,1.0
2020-08-26,8.33,8.54,8.01,8.29,593735,502110.844,1.0
2020-08-27,8.32,8.6,8.09,8.57,640363,545517.554,1.0
2020-08-28,8.48,8.55,8.32,8.52,424871,364192.954,1.0
2020-08-31,8.5,8.71,8.16,8.18,559498,476521.152,1.0
2020-09-01,8.13,8.25,7.95,8.19,309332,254810.541,1.0
2020-09-02,8.17,9.01,8.12,8.76,993358,873508.776,1.0
2020-09-03,8.82,9.19,8.73,8.93,992381,903073.779,1.0
2020-09-04,8.86,9.19,8.81,9.11,768544,703252.41,1.0
2020-09-07,9.04,9.31,8.82,8.86,823186,752575.032,1.0
2020-09-08,8.86,9.37,8.74,9.34,801615,740154.632,1.0
2020-09-09,9.16,9.26,8.58,8.59,755136,687468.598,1.0
2020-09-10,8.66,8.66,7.79,7.97,713964,593741.712,1.0
2020-09-11,7.87,8.1,7.77,8.09,381932,309876.481,1.0
2020-09-14,8.11,8.38,7.99,8.3,489255,408462.744,1.0
2020-09-15,8.25,8.34,8.06,8.18,322793,269336.144,1.0
2020-09-16,8.24,8.58,8.09,8.14,376358,318501.504,1.0
2020-09-17,8.07,8.24,7.99,8.16,299632,247633.73,1.0
2020-09-18,8.14,8.36,8.06,8.33,276470,231093.764,1.0
2020-09-21,8.34,8.5,8.23,8.33,258668,219797.542,1.0
2020-09-22,8.21,8.31,8.02,8.1,255144,211899.056,1.0
2020-09-23,8.14,8.16,7.9,7.97,215848,175398.309,1.0
2020-09-24,7.9,8.02,7.57,7.7,252049,200375.811,1.0
2020-09-25,7.75,7.79,7.53,7.61,205394,159686.831,1.0
2020-09-28,7.66,7.7,7.44,7.47,151463,116434.296,1.0
2020-09-29,7.53,7.64,7.5,7.56,143113,110267.022,1.0
2020-09-30,7.56,7.69,7.39,7.49,191749,147082.406,1.0
2020-10-09,7.58,7.7,7.54,7.64,203919,158523.054,1.0
2020-10-12,7.66,7.82,7.56,7.82,313282,246024.718,1.0
2020-10-13,7.77,7.8,7.65,7.75,228134,178958.444,1.0
2020-10-14,7.71,7.72,7.32,7.36,372431,284171.646,1.0
2020-10-15,7.36,7.4,7.06,7.16,508176,372032.706,1.0
2020-10-16,7.12,7.23,7.0,7.03,446753,322874.736,1.0
2020-10-19,7.1,7.27,7.01,7.16,350020,255375.115,1.0
2020-10-20,7.34,7.49,7.2,7.4,464280,348396.848,1.0
2020-10-21,7.43,7.63,7.29,7.57,456143,346676.752,1.0
2020-10-22,7.57,7.6,7.39,7.5,343145,261879.622,1.0
2020-10-23,7.46,7.54,7.16,7.3,341926,255529.194,1.0
2020-10-26,7.08,7.26,7.0,7.08,256452,185892.863,1.0
2020-10-27,7.05,7.12,6.93,6.98,212347,151978.679,1.0
2020-10-28,7.01,7.12,6.91,7.12,197935,141945.938,1.0
2020-10-29,7.0,7.11,6.96,7.02,170015,122095.419,1.0
2020-10-30,7.1,7.48,7.07,7.19,429571,319269.28,1.0
2020-11-02,7.19,7.29,7.01,7.08,266631,193530.086,1.0
2020-11-03,7.15,7.46,7.04,7.35,458121,342307.36,1.0
2020-11-04,7.42,7.44,7.17,7.29,221867,164308.866,1.0
2020-11-05,7.35,7.4,7.06,7.25,303309,223204.817,1.0
2020-11-06,7.24,7.33,7.03,7.09,277583,202352.838,1.0
2020-11-09,7.16,7.42,7.14,7.23,444031,329516.848,1.0
2020-11-10,7.47,7.63,7.28,7.37,618483,468973.984,1.0
2020-11-11,7.26,7.29,7.12,7.13,314319,230427.122,1.0
2020-11-12,7.16,7.19,7.04,7.15,205902,149147.533,1.0
2020-11-13,7.11,7.25,7.06,7.21,175157,128013.964,1.0
2020-11-16,7.24,7.38,7.16,7.36,233222,173184.927,1.0
2020-11-17,7.38,7.48,7.24,7.28,226922,169475.522,1.0
2020-11-18,7.25,7.39,7.23,7.29,205443,152823.474,1.0
2020-11-19,7.26,7.27,7.13,7.2,234335,171614.004,1.0
2020-11-20,7.18,7.23,7.1,7.2,177154,129416.308,1.0
2020-11-23,7.18,7.2,7.05,7.08,241974,174982.9,1.0
2020-11-24,7.08,7.12,6.95,7.01,267336,191608.956,1.0
2020-11-25,7.02,7.08,6.94,6.95,177414,126729.72,1.0
2020-11-26,6.93,7.05,6.91,7.01,162533,115907.001,1.0
2020-11-27,7.01,7.07,6.99,7.06,118397,84899.409,1.0
2020-11-30,7.07,7.1,7.01,7.05,186883,134511.031,1.0
2020-12-01,7.05,7.15,7.01,7.07,317599,229447.112,1.0
2020-12-02,7.09,7.09,6.98,6.99,218585,156336.917,1.0
2020-12-03,6.98,7.03,6.94,6.99,152479,108623.526,1.0
2020-12-04,7.01,7.02,6.94,6.94,158642,112673.287,1.0
2020-12-07,6.95,6.97,6.86,6.86,151171,106572.488,1.0
2020-12-08,6.89,6.9,6.71,6.72,202903,140762.62,1.0
2020-12-09,6.72,6.75,6.52,6.52,233599,157331.738,1.0
2020-12-10,6.47,6.57,6.41,6.55,172857,114656.634,1.0
2020-12-11,6.55,6.57,6.28,6.54,300076,196660.38,1.0
2020-12-14,6.49,6.62,6.44,6.55,118052,78895.801,1.0
2020-12-15,6.59,6.74,6.55,6.65,177480,120681.497,1.0
2020-12-16,6.64,6.66,6.43,6.45,159079,105753.976,1.0
2020-12-17,6.41,6.58,6.34,6.56,196654,130139.886,1.0
2020-12-18,6.58,6.6,6.42,6.45,146199,96915.078,1.0
2020-12-21,6.44,6.47,6.29,6.31,249624,162128.131,1.0
2020-12-22,6.26,6.29,6.0,6.05,299230,187914.888,1.0
2020-12-23,6.04,6.12,5.97,6.07,195251,120823.449,1.0
2020-12-24,6.03,6.07,5.91,5.93,186641,114141.717,1.0
2020-12-25,5.92,6.01,5.89,5.91,159696,96987.716,1.0
2020-12-28,5.88,5.9,5.76,5.79,194734,115944.772,1.0
2020-12-29,5.79,6.03,5.78,5.94,230171,139315.479,1.0
2020-12-30,5.92,5.96,5.84,5.88,151664,91562.928,1.0
2020-12-31,5.87,6.2,5.82,6.04,350632,216341.321,1.0
2021-01-04,6.07,6.12,5.98,6.07,294647,182664.547,1.0
2021-01-05,6.03,6.05,5.89,5.97,261880,159657.95,1.0
2021-01-06,5.94,5.95,5.79,5.82,223895,134094.974,1.0
2021-01-07,5.78,5.8,5.42,5.55,370506,211068.325,1.0
2021-01-08,5.53,5.93,5.46,5.86,325640,192515.96,1.0
2021-01-11,5.86,5.92,5.74,5.77,208020,123665.6,1.0
2021-01-12,5.82,5.9,5.71,5.77,166336,98702.692,1.0
2021-01-13,5.72,6.15,5.61,6.05,407231,248065.167,1.0
2021-01-14,6.02,6.2,5.93,6.03,242926,150156.259,1.0
2021-01-15,5.99,6.09,5.97,6.04,162407,100240.954,1.0
2021-01-18,6.02,6.11,5.89,5.9,232240,141793.464,1.0
2021-01-19,5.9,6.12,5.88,5.98,289192,178292.617,1.0
2021-01-20,6.0,6.11,5.94,6.09,288569,178563.689,1.0
2021-01-21,6.12,6.26,5.98,6.2,354335,222813.599,1.0
2021-01-22,6.16,6.27,6.03,6.23,259195,163275.871,1.0
2021-01-25,6.22,6.41,6.05,6.08,325170,205957.106,1.0
2021-01-26,6.25,6.45,6.24,6.32,412173,267258.427,1.0
2021-01-27,6.36,6.73,6.28,6.66,517999,348765.488,1.0
2021-01-28,6.66,6.91,6.55,6.64,511294,351113.68,1.0
2021-01-29,6.64,6.82,6.56,6.77,404488,277014.448,1.0
2021-02-01,6.83,6.9,6.64,6.77,326532,224904.559,1.0
2021-02-02,6.76,6.76,6.39,6.54,423124,282132.416,1.0
2021-02-03,6.49,6.73,6.46,6.49,351723,237204.605,1.0
2021-02-04,6.43,6.56,6.32,6.5,325241,213892.701,1.0
2021-02-05,6.5,6.65,6.16,6.18,306760,199532.402,1.0
2021-02-08,6.29,6.93,6.26,6.78,517070,350224.384,1.0
2021-02-09,6.68,6.75,6.52,6.74,405972,275361.648,1.0
2021-02-10,6.76,6.89,6.62,6.86,433031,298668.144,1.0
2021-02-18,6.87,7.1,6.51,6.59,744536,514457.36,1.0
2021-02-19,6.5,6.76,6.43,6.7,407611,273915.824,1.0
2021-02-22,6.65,6.69,6.45,6.48,474216,316390.592,1.0
2021-02-23,6.43,6.57,6.32,6.49,314755,206313.184,1.0
2021-02-24,6.45,6.58,6.39,6.43,266452,176391.435,1.0
2021-02-25,6.47,6.48,6.17,6.18,282799,181812.234,1.0
2021-02-26,6.09,6.19,5.99,6.0,233172,145041.129,1.0
2021-03-01,5.99,6.13,5.98,6.08,177470,110095.584,1.0
2021-03-02,6.1,6.11,5.89,5.92,226825,138843.794,1.0
2021-03-03,5.94,6.02,5.93,5.97,211282,129169.351,1.0
2021-03-04,5.94,6.03,5.92,5.94,184931,112979.925,1.0
2021-03-05,5.91,6.01,5.9,5.99,187729,114702.035,1.0
2021-03-08,6.02,6.1,5.94,5.95,181144,111436.395,1.0
2021-03-09,5.94,6.06,5.81,5.98,227075,138720.244,1.0
2021-03-10,6.01,6.04,5.7,5.73,234168,139282.672,1.0
2021-03-11,5.71,5.81,5.66,5.8,164103,96700.552,1.0
2021-03-12,5.77,5.92,5.75,5.8,139019,82967.247,1.0
2021-03-15,5.81,6.0,5.73,5.93,223454,134960.406,1.0
2021-03-16,5.94,6.13,5.94,6.06,289896,179739.062,1.0
2021-03-17,6.09,6.1,5.95,5.98,185015,113573.193,1.0
2021-03-18,5.99,6.01,5.92,5.97,153696,93647.946,1.0
2021-03-19,5.93,6.0,5.83,5.86,150425,90906.294,1.0
2021-03-22,5.9,5.99,5.84,5.97,152254,92188.061,1.0
2021-03-23,5.99,6.09,5.93,5.99,198476,121787.454,1.0
2021-03-24,5.96,6.05,5.92,6.02,159536,97895.95,1.0
2021-03-25,5.98,6.15,5.98,6.06,204552,127254.12,1.0
2021-03-26,6.04,6.13,6.01,6.1,185922,115645.274,1.0
2021-03-29,6.14,6.17,6.02,6.04,152671,94806.657,1.0
2021-03-30,6.05,6.05,5.89,5.89,156166,94774.116,1.0
2021-03-31,5.91,5.98,5.88,5.92,107328,65093.549,1.0
2021-04-01,5.87,5.95,5.87,5.95,94694,57336.305,1.0
2021-04-02,5.94,6.02,5.91,5.97,127062,77580.637,1.0
2021-04-06,6.0,6.11,5.94,6.08,180033,111527.385,1.0
2021-04-07,6.07,6.44,6.06,6.37,393418,252691.812,1.0
2021-04-08,6.37,6.46,6.29,6.33,247019,160635.393,1.0
2021-04-09,6.32,6.37,6.24,6.3,190408,122721.034,1.0
2021-04-12,6.34,6.58,6.25,6.48,567547,373959.984,1.0
2021-04-13,6.46,6.78,6.41,6.6,419644,283077.216,1.0
2021-04-14,6.5,6.6,6.43,6.54,234490,156660.46,1.0
2021-04-15,6.55,6.56,6.32,6.44,248256,162858.497,1.0
2021-04-16,6.44,6.53,6.39,6.45,183406,120716.397,1.0
2021-04-19,6.41,6.51,6.4,6.43,178257,117644.795,1.0
2021-04-20,6.44,6.54,6.39,6.45,194605,128509.416,1.0
2021-04-21,6.34,6.54,6.18,6.47,286909,186279.9,1.0
2021-04-22,6.44,6.7,6.36,6.65,326405,219898.539,1.0
2021-04-23,6.61,6.65,6.4,6.48,194689,129211.665,1.0
2021-04-26,6.56,6.69,6.52,6.6,253696,171009.98,1.0
2021-04-27,6.63,6.66,6.43,6.59,168470,112518.114,1.0
2021-04-28,6.53,6.7,6.47,6.56,155200,104494.79,1.0
2021-04-29,6.54,6.56,6.37,6.45,188105,123869.58,1.0
2021-04-30,6.4,6.56,6.05,6.17,263191,168671.9,1.0
2021-05-06,6.11,6.23,6.05,6.16,197202,123760.896,1.0
2021-05-07,6.22,6.23,6.09,6.11,103782,65294.491,1.0
2021-05-10,6.11,6.19,5.92,6.14,232602,143527.213,1.0
2021-05-11,6.07,6.23,6.04,6.13,191205,119489.125,1.0
2021-05-12,6.11,6.17,6.03,6.12,159210,99483.459,1.0
2021-05-13,6.07,6.17,6.03,6.09,147420,91824.742,1.0
2021-05-14,6.1,6.44,6.06,6.38,334340,214861.533,1.0
2021-05-17,6.33,6.37,6.2,6.22,229679,147509.363,1.0
2021-05-18,6.2,6.24,6.11,6.16,159533,100761.964,1.0
2021-05-19,6.15,6.19,6.07,6.07,123471,77028.855,1.0
2021-05-20,6.08,6.09,5.98,6.05,145898,90069.908,1.0
2021-05-21,6.04,6.12,6.0,6.01,117230,72637.282,1.0
2021-05-24,6.01,6.12,5.96,6.04,117715,72838.9,1.0
2021-05-25,6.08,6.13,6.06,6.1,127215,79180.406,1.0
2021-05-26,6.1,6.15,6.05,6.12,147983,92406.644,1.0
2021-05-27,6.11,6.18,6.09,6.13,135346,84813.135,1.0
2021-05-28,6.13,6.21,6.03,6.03,154298,95921.245,1.0
2021-05-31,6.0,6.03,5.91,6.0,176161,107310.65,1.0
2021-06-01,5.99,6.07,5.95,6.02,140390,86111.825,1.0
2021-06-02,6.03,6.07,5.94,5.95,138348,84417.169,1.0
2021-06-03,5.95,6.05,5.93,6.02,150037,91975.247,1.0
2021-06-04,6.04,6.06,5.95,5.97,119460,73010.354,1.0
2021-06-07,5.93,5.97,5.84,5.87,195935,117631.474,1.0
2021-06-08,5.87,5.98,5.85,5.93,134868,81338.054,1.0
2021-06-09,5.95,5.96,5.88,5.92,111835,67431.888,1.0
2021-06-10,5.93,5.96,5.89,5.95,145010,87584.569,1.0
2021-06-11,5.99,6.0,5.86,5.88,187814,113574.726,1.0
2021-06-15,5.88,5.91,5.76,5.82,133111,79158.111,1.0
2021-06-16,5.83,5.93,5.77,5.91,128537,76822.586,1.0
2021-06-17,5.88,5.93,5.84,5.91,107899,64840.543,1.0
2021-06-18,5.91,5.91,5.84,5.89,75092,45056.622,1.0
2021-06-21,5.87,5.94,5.84,5.92,107685,64676.912,1.0
2021-06-22,5.91,5.99,5.9,5.98,121346,73513.885,1.0
2021-06-23,5.97,6.03,5.93,6.0,153301,93483.962,1.0
2021-06-24,5.98,5.99,5.91,5.91,116595,70739.25,1.0
2021-06-25,5.91,5.94,5.87,5.91,97726,58877.746,1.0
2021-06-28,5.91,5.93,5.82,5.85,108818,65200.989,1.0
2021-06-29,5.85,5.87,5.77,5.8,100353,59474.979,1.0
2021-06-30,5.81,5.84,5.77,5.8,80148,47472.251,1.0
2021-07-01,5.82,6.01,5.79,5.99,290027,175669.669,1.0
2021-07-02,5.96,6.01,5.88,5.93,161437,97849.086,1.0
2021-07-05,5.9,5.97,5.86,5.95,124332,74976.427,1.0
2021-07-06,5.95,6.15,5.92,6.13,286583,177257.542,1.0
2021-07-07,6.08,6.12,6.01,6.05,186859,115281.814,1.0
2021-07-08,6.06,6.11,6.0,6.07,141538,87374.334,1.0
2021-07-09,6.06,6.21,6.05,6.1,194365,121535.438,1.0
2021-07-12,6.14,6.17,6.07,6.1,143284,89160.477,1.0
2021-07-13,6.1,6.2,6.07,6.1,162268,101401.085,1.0
2021-07-14,6.11,6.14,5.95,5.97,209383,128162.386,1.0
2021-07-15,5.94,5.99,5.89,5.94,149359,90689.143,1.0
2021-07-16,6.01,6.1,5.96,6.03,179125,110159.021,1.0
2021-07-19,6.04,6.08,5.94,6.02,158006,97013.136,1.0
2021-07-20,6.02,6.03,5.95,5.97,99826,60874.853,1.0
2021-07-21,5.97,6.01,5.86,5.89,178127,107541.944,1.0
2021-07-22,5.89,6.04,5.84,5.98,195809,119166.88,1.0
2021-07-23,5.98,5.98,5.85,5.87,177893,106899.948,1.0
2021-07-26,5.86,5.88,5.66,5.66,199200,117024.021,1.0
2021-07-27,5.67,5.76,5.62,5.65,136144,78874.234,1.0
2021-07-28,5.62,5.69,5.48,5.52,148751,84777.273,1.0
2021-07-29,5.56,5.6,5.54,5.57,85810,48879.817,1.0
2021-07-30,5.54,5.63,5.49,5.56,89757,50937.688,1.0
2021-08-02,5.53,5.57,5.4,5.56,133386,75010.47,1.0
2021-08-03,5.53,5.61,5.52,5.59,126639,72058.935,1.0
2021-08-04,5.58,5.68,5.54,5.58,105010,60062.369,1.0
2021-08-05,5.54,5.55,5.41,5.41,156499,87247.131,1.0
2021-08-06,5.39,5.43,5.15,5.19,241088,128814.732,1.0
2021-08-09,5.18,5.29,5.16,5.28,120426,64530.742,1.0
2021-08-10,5.26,5.31,5.22,5.3,97979,52783.278,1.0
2021-08-11,5.28,5.34,5.26,5.28,111922,60634.11,1.0
2021-08-12,5.27,5.34,5.24,5.25,110799,59882.787,1.0
2021-08-13,5.26,5.35,5.2,5.33,162499,87685.331,1.0
2021-08-16,5.3,5.35,5.27,5.33,105152,57142.384,1.0
2021-08-17,5.32,5.39,5.26,5.27,142386,77393.991,1.0
2021-08-18,5.24,5.3,5.2,5.28,105547,56760.104,1.0
2021-08-19,5.26,5.4,5.26,5.28,135587,73769.611,1.0
2021-08-20,5.25,5.28,5.21,5.22,96245,51528.676,1.0
2021-08-23,5.23,5.33,5.23,5.32,133898,72420.921,1.0
2021-08-24,5.3,5.34,5.29,5.32,94734,51431.401,1.0
2021-08-25,5.33,5.44,5.29,5.38,195721,107547.71,1.0
2021-08-26,5.37,5.43,5.32,5.38,147022,80877.82,1.0
2021-08-27,5.5,5.6,5.43,5.45,308563,173412.453,1.0
2021-08-30,5.4,5.49,5.4,5.43,176590,98084.347,1.0
2021-08-31,5.41,5.54,5.38,5.49,147556,82378.863,1.0
2021-09-01,5.5,5.82,5.5,5.7,368850,214545.796,1.0
2021-09-02,5.78,5.78,5.63,5.65,241882,140124.654,1.0
2021-09-03,5.66,5.74,5.62,5.71,215483,125140.396,1.0
2021-09-06,5.68,5.75,5.66,5.72,191714,111919.517,1.0
2021-09-07,5.73,5.76,5.69,5.72,194547,113623.432,1.0
2021-09-08,5.75,5.98,5.74,5.96,373408,223180.784,1.0
2021-09-09,6.06,6.06,5.83,5.87,272525,164166.888,1.0
2021-09-10,5.84,6.0,5.83,5.91,198207,119951.047,1.0
2021-09-13,5.87,5.98,5.78,5.96,197198,118734.097,1.0
2021-09-14,5.94,6.0,5.82,5.82,163840,98723.718,1.0
2021-09-15,5.83,6.04,5.81,6.01,192580,116845.503,1.0
2021-09-16,6.04,6.06,5.88,5.95,163587,99504.955,1.0
2021-09-17,5.92,5.94,5.75,5.81,123634,73455.115,1.0
2021-09-22,5.75,5.87,5.74,5.82,88084,52262.025,1.0
2021-09-23,5.86,5.94,5.81,5.93,134582,80877.842,1.0
2021-09-24,5.9,5.96,5.86,5.87,118493,71390.01,1.0
2021-09-27,5.87,5.89,5.65,5.68,173551,101612.499,1.0
2021-09-28,5.66,5.78,5.61,5.72,127082,74064.417,1.0
2021-09-29,5.69,5.74,5.58,5.6,118085,68100.543,1.0
2021-09-30,5.62,5.75,5.62,5.73,104493,60855.211,1.0
2021-10-08,5.77,5.92,5.76,5.91,136751,82000.429,1.0
2021-10-11,5.91,5.98,5.83,5.88,119026,71665.06,1.0
2021-10-12,5.85,5.9,5.75,5.79,98847,58715.916,1.0
2021-10-13,5.81,5.86,5.73,5.82,96153,56927.435,1.0
2021-10-14,5.81,5.98,5.69,5.87,148291,88611.142,1.0
2021-10-15,5.85,5.93,5.74,5.76,112929,67058.345,1.0
2021-10-18,5.74,5.74,5.54,5.55,146247,83840.346,1.0
2021-10-19,5.53,5.58,5.47,5.53,87622,49516.912,1.0
2021-10-20,5.56,5.56,5.42,5.45,96413,53772.665,1.0
2021-10-21,5.46,5.48,5.38,5.45,102133,56624.556,1.0
2021-10-22,5.44,5.55,5.38,5.4,103261,57411.003,1.0
2021-10-25,5.35,5.43,5.28,5.37,92819,50894.056,1.0
2021-10-26,5.36,5.5,5.35,5.41,88865,49369.326,1.0
2021-10-27,5.42,5.43,5.27,5.3,80652,43962.004,1.0
2021-10-28,5.28,5.38,5.28,5.37,93715,51067.703,1.0
2021-10-29,5.43,5.58,5.39,5.52,138312,77783.214,1.0
2021-11-01,5.48,5.54,5.4,5.42,134646,75164.412,1.0
2021-11-02,5.44,5.5,5.37,5.42,124075,68862.142,1.0
2021-11-03,5.42,5.56,5.4,5.44,184618,103472.487,1.0
2021-11-04,5.48,5.54,5.44,5.52,100265,56438.235,1.0
2021-11-05,5.53,5.71,5.48,5.6,230319,132192.981,1.0
2021-11-08,5.6,5.6,5.33,5.41,394831,218587.992,1.0
2021-11-09,5.4,5.48,5.34,5.37,328837,181636.791,1.0
2021-11-10,5.39,5.57,5.37,5.54,398858,223210.453,1.0
2021-11-11,5.52,5.72,5.46,5.66,369343,211425.934,1.0
2021-11-12,5.66,5.85,5.57,5.79,428144,250005.831,1.0
2021-11-15,5.75,5.89,5.73,5.8,411035,243533.508,1.0
2021-11-16,5.82,5.95,5.76,5.9,462755,277658.448,1.0
2021-11-17,5.9,5.99,5.86,5.9,342521,206326.869,1.0
2021-11-18,5.9,5.94,5.8,5.82,315735,188458.594,1.0
2021-11-19,5.82,5.86,5.77,5.82,194726,115636.192,1.0
2021-11-22,5.81,5.87,5.73,5.74,270231,159341.499,1.0
2021-11-23,5.73,5.82,5.69,5.77,256856,151163.084,1.0
2021-11-24,5.77,6.03,5.72,5.97,390515,234904.392,1.0
2021-11-25,5.96,5.98,5.86,5.88,257092,155069.744,1.0
2021-11-26,5.83,5.86,5.71,5.71,217561,127981.232,1.0
2021-11-29,5.64,5.67,5.48,5.53,304151,172873.983,1.0
2021-11-30,5.64,5.71,5.51,5.57,202130,115612.36,1.0
2021-12-01,5.58,5.72,5.54,5.7,173128,99752.194,1.0
2021-12-02,5.68,5.75,5.6,5.62,149605,86449.921,1.0
2021-12-03,5.63,5.71,5.6,5.67,158164,91273.922,1.0
2021-12-06,5.75,5.75,5.49,5.5,283681,161253.103,1.0
2021-12-07,5.53,5.91,5.47,5.78,523046,308211.6,1.0
2021-12-08,5.76,5.81,5.69,5.77,256259,150394.368,1.0
2021-12-09,5.77,5.92,5.73,5.85,297386,177899.754,1.0
2021-12-10,5.88,6.25,5.87,6.07,653677,405206.528,1.0
2021-12-13,6.04,6.13,6.0,6.09,398039,246375.812,1.0
2021-12-14,6.49,6.88,6.38,6.57,1236223,827813.36,1.0
2021-12-15,6.44,6.56,6.27,6.44,821949,538666.624,1.0
2021-12-16,6.49,6.69,6.33,6.51,624793,413497.328,1.0
2021-12-17,6.5,6.59,6.38,6.52,420886,278429.76,1.0
2021-12-20,6.6,6.98,6.5,6.56,765781,521638.8,1.0
2021-12-21,6.51,6.6,6.4,6.51,403037,265563.438,1.0
2021-12-22,6.51,6.72,6.43,6.65,465261,313530.736,1.0
2021-12-23,6.58,6.71,6.48,6.5,383173,256224.788,1.0
2021-12-24,6.53,6.61,6.41,6.54,326754,217179.183,1.0
2021-12-27,6.25,6.31,6.08,6.11,792978,499522.304,1.0
2021-12-28,6.11,6.39,6.11,6.24,532048,338438.448,1.0
2021-12-29,6.24,6.28,6.15,6.19,248777,157227.507,1.0
2021-12-30,6.21,6.81,6.17,6.68,927297,622485.12,1.0
2021-12-31,6.7,6.78,6.54,6.65,705833,477750.8,1.0
2022-01-04,6.69,7.71,6.68,7.17,1534480,1116989.328,1.0
2022-01-05,7.21,7.29,6.92,7.06,802286,578111.536,1.0
2022-01-06,7.13,7.17,6.89,6.96,596368,423567.712,1.0
2022-01-07,7.04,7.17,6.66,6.73,842662,592005.216,1.0
2022-01-10,6.83,7.13,6.73,6.86,916384,641498.464,1.0
2022-01-11,6.75,6.88,6.62,6.67,554449,379311.04,1.0
2022-01-12,6.57,6.66,6.43,6.53,743264,494280.144,1.0
2022-01-13,6.52,6.65,6.48,6.54,614613,410657.52,1.0
2022-01-14,6.5,6.97,6.46,6.69,1091767,750316.544,1.0
2022-01-17,6.73,6.95,6.73,6.85,645862,449154.512,1.0
2022-01-18,6.81,7.04,6.64,6.75,639830,442895.744,1.0
2022-01-19,6.68,6.99,6.63,6.85,759306,531618.528,1.0
2022-01-20,6.88,6.89,6.53,6.57,648207,439645.552,1.0
2022-01-21,6.5,6.79,6.46,6.52,504362,339159.44,1.0
2022-01-24,6.44,6.56,6.25,6.41,453281,294635.904,1.0
2022-01-25,6.44,6.44,5.87,5.95,735156,455835.248,1.0
2022-01-26,5.96,6.01,5.83,5.91,404136,244306.498,1.0
2022-01-27,5.87,5.88,5.67,5.74,375440,220890.661,1.0
2022-01-28,5.76,5.99,5.75,5.86,392622,236516.279,1.0
2022-02-07,5.9,5.93,5.56,5.68,496312,289157.376,1.0
2022-02-08,5.67,5.82,5.6,5.79,349278,204417.018,1.0
2022-02-09,5.88,5.91,5.77,5.9,373855,223559.246,1.0
2022-02-10,5.88,6.01,5.83,5.95,454600,274385.68,1.0
2022-02-11,5.98,6.07,5.77,5.79,524181,313497.584,1.0
2022-02-14,5.72,6.16,5.72,6.03,654856,400912.16,1.0
2022-02-15,6.06,6.11,5.87,5.95,416299,253216.911,1.0
2022-02-16,5.99,6.09,5.96,6.05,410842,252529.155,1.0
2022-02-17,5.98,6.0,5.84,5.86,407384,245260.264,1.0
2022-02-18,5.81,5.87,5.78,5.85,266558,158399.139,1.0
2022-02-21,5.83,5.96,5.8,5.95,309533,186243.292,1.0
2022-02-22,5.87,5.88,5.67,5.74,377053,221227.793,1.0
2022-02-23,5.74,5.88,5.72,5.79,285745,169304.415,1.0
2022-02-24,5.74,5.75,5.33,5.43,679033,384344.112,1.0
2022-02-25,5.47,5.55,5.44,5.48,273131,153473.337,1.0
2022-02-28,5.46,5.51,5.33,5.46,233144,128678.264,1.0
2022-03-01,5.48,5.53,5.44,5.5,211929,118944.356,1.0
2022-03-02,5.46,5.56,5.43,5.52,188116,106069.823,1.0
2022-03-03,5.54,5.59,5.5,5.54,205088,116160.304,1.0
2022-03-04,5.5,5.56,5.43,5.48,268940,151060.556,1.0
2022-03-07,5.43,5.48,5.33,5.36,315406,173910.251,1.0
2022-03-08,5.36,5.39,5.12,5.12,313557,167768.792,1.0
2022-03-09,5.15,5.19,4.79,5.02,320376,164533.792,1.0
2022-03-10,5.1,5.15,4.98,5.0,252487,131056.319,1.0
2022-03-11,4.92,5.04,4.8,5.01,398131,199926.758,1.0
2022-03-14,4.91,5.02,4.8,4.8,378790,189665.083,1.0
2022-03-15,4.75,4.77,4.47,4.49,550454,261091.786,1.0
2022-03-16,4.59,4.72,4.45,4.7,371958,175257.181,1.0
2022-03-17,4.73,4.89,4.71,4.79,350221,172604.425,1.0
2022-03-18,4.77,4.99,4.74,4.96,356498,179244.784,1.0
2022-03-21,4.91,4.97,4.8,4.87,261077,130194.801,1.0
2022-03-22,4.81,5.0,4.79,4.92,278834,139845.014,1.0
2022-03-23,4.96,4.99,4.89,4.94,166244,84144.409,1.0
2022-03-24,4.91,4.91,4.82,4.85,172205,85601.36,1.0
2022-03-25,4.85,4.94,4.83,4.85,171562,85901.349,1.0
2022-03-28,4.8,4.97,4.76,4.89,195553,98237.462,1.0
2022-03-29,4.91,4.95,4.83,4.85,188453,94335.482,1.0
2022-03-30,4.87,5.0,4.83,5.0,269204,136143.825,1.0
2022-03-31,4.97,5.01,4.92,4.96,202313,102832.021,1.0
2022-04-01,4.93,5.08,4.87,5.05,323383,165929.708,1.0
2022-04-06,5.02,5.14,5.0,5.07,275526,143137.357,1.0
2022-04-07,5.03,5.07,4.9,4.9,272926,139187.552,1.0
2022-04-08,4.9,4.95,4.73,4.79,265223,130414.789,1.0
2022-04-11,4.78,4.81,4.59,4.64,230990,111164.337,1.0
2022-04-12,4.68,4.93,4.6,4.87,327051,159382.653,1.0
2022-04-13,4.82,4.83,4.66,4.66,287177,138847.756,1.0
2022-04-14,4.68,4.8,4.66,4.74,214865,104594.937,1.0
2022-04-15,4.72,4.72,4.55,4.59,235771,111692.237,1.0
2022-04-18,4.53,4.66,4.46,4.62,190594,89260.186,1.0
2022-04-19,4.59,4.68,4.57,4.66,155163,73719.452,1.0
2022-04-20,4.65,4.76,4.64,4.66,221156,106654.992,1.0
2022-04-21,4.62,4.68,4.48,4.52,234749,110501.397,1.0
2022-04-22,4.48,4.5,4.32,4.36,247438,111610.109,1.0
2022-04-25,4.28,4.28,4.08,4.09,331626,142559.539,1.0
2022-04-26,4.14,4.2,3.96,3.97,225758,95212.457,1.0
2022-04-27,3.9,4.13,3.87,4.11,212916,87415.457,1.0
2022-04-28,4.05,4.08,3.92,3.97,251259,103300.227,1.0
2022-04-29,4.0,4.26,3.99,4.22,343545,146825.424,1.0
2022-05-05,4.18,4.22,4.13,4.18,248826,107002.455,1.0
2022-05-06,4.07,4.1,4.02,4.05,243248,101618.123,1.0
2022-05-09,4.03,4.12,4.02,4.09,182176,76681.737,1.0
2022-05-10,4.04,4.17,4.02,4.15,213588,90210.666,1.0
2022-05-11,4.17,4.28,4.1,4.12,327971,141703.157,1.0
2022-05-12,4.08,4.21,4.08,4.19,234938,100267.237,1.0
2022-05-13,4.24,4.33,4.19,4.25,281466,122887.535,1.0
2022-05-16,4.23,4.26,4.17,4.22,261653,113381.365,1.0
2022-05-17,4.23,4.24,4.12,4.19,193232,82949.845,1.0
2022-05-18,4.21,4.26,4.19,4.21,189010,82199.686,1.0
2022-05-19,4.13,4.18,4.11,4.17,205597,87812.881,1.0
2022-05-20,4.21,4.27,4.19,4.26,236270,102978.425,1.0
2022-05-23,4.36,4.42,4.31,4.32,316215,141641.95,1.0
2022-05-24,4.3,4.32,4.08,4.08,328227,142073.278,1.0
2022-05-25,4.13,4.33,4.08,4.3,361170,156751.345,1.0
2022-05-26,4.3,4.35,4.23,4.34,290840,128212.816,1.0
2022-05-27,4.35,4.36,4.25,4.31,210780,93187.629,1.0
2022-05-30,4.32,4.34,4.23,4.29,216950,95449.598,1.0
2022-05-31,4.29,4.4,4.25,4.37,361474,160916.878,1.0
2022-06-01,4.39,4.52,4.35,4.44,412758,187184.3,1.0
2022-06-02,4.42,4.43,4.33,4.37,275725,122678.327,1.0
2022-06-06,4.35,4.44,4.35,4.43,259131,116204.711,1.0
2022-06-07,4.43,4.44,4.33,4.38,302886,135328.331,1.0
2022-06-08,4.39,4.43,4.3,4.36,258604,114976.729,1.0
2022-06-09,4.38,4.39,4.24,4.29,239621,105271.715,1.0
2022-06-10,4.28,4.36,4.24,4.35,282715,124633.251,1.0
2022-06-13,4.33,4.35,4.25,4.29,226230,99216.298,1.0
2022-06-14,4.26,4.31,4.14,4.29,262300,112892.304,1.0
2022-06-15,4.28,4.4,4.26,4.35,332584,147536.005,1.0
2022-06-16,4.37,4.53,4.35,4.48,452877,205834.521,1.0
2022-06-17,4.44,4.47,4.33,4.39,347145,155619.97,1.0
2022-06-20,4.44,4.5,4.4,4.45,267421,121693.284,1.0
2022-06-21,4.45,4.6,4.45,4.55,382495,176802.908,1.0
2022-06-22,4.58,4.58,4.43,4.43,276723,126863.252,1.0
2022-06-23,4.43,4.51,4.41,4.51,201550,91715.086,1.0
2022-06-24,4.51,4.67,4.48,4.61,382781,178673.771,1.0
2022-06-27,4.57,4.93,4.54,4.72,707981,343345.168,1.0
2022-06-28,4.68,4.84,4.63,4.8,473386,228440.736,1.0
2022-06-29,4.81,4.87,4.7,4.72,390051,190070.618,1.0
2022-06-30,4.76,5.04,4.76,4.89,753637,378153.152,1.0
2022-07-01,4.84,4.88,4.68,4.7,477847,232128.566,1.0
2022-07-04,4.7,4.76,4.61,4.63,354126,168556.418,1.0
2022-07-05,4.65,4.69,4.52,4.59,354158,166351.496,1.0
2022-07-06,4.58,4.59,4.46,4.5,281923,130001.341,1.0
2022-07-07,4.5,4.54,4.49,4.51,197426,90789.851,1.0
2022-07-08,4.52,4.61,4.49,4.52,211604,98026.952,1.0
2022-07-11,4.51,4.51,4.38,4.43,231150,104465.795,1.0
2022-07-12,4.41,4.43,4.36,4.37,173957,77870.691,1.0
2022-07-13,4.38,4.44,4.37,4.41,204321,91780.515,1.0
2022-07-14,4.41,4.43,4.36,4.37,151075,67715.598,1.0
2022-07-15,4.37,4.37,4.23,4.23,216301,94570.436,1.0
2022-07-18,4.26,4.41,4.25,4.4,234132,104039.254,1.0
2022-07-19,4.42,4.52,4.39,4.5,242435,110420.36,1.0
2022-07-20,4.51,4.56,4.5,4.52,179833,83002.429,1.0
2022-07-21,4.49,4.63,4.48,4.53,217361,100783.199,1.0
2022-07-22,4.52,4.57,4.44,4.47,206084,94656.351,1.0
2022-07-25,4.5,4.54,4.45,4.47,153139,70128.653,1.0
2022-07-26,4.53,4.59,4.5,4.57,188327,87332.292,1.0
2022-07-27,4.56,4.63,4.53,4.6,170219,79707.917,1.0
2022-07-28,4.63,4.65,4.55,4.57,192904,90421.519,1.0
2022-07-29,4.55,4.64,4.53,4.54,182008,84863.519,1.0
2022-08-01,4.55,4.58,4.49,4.54,145184,67189.389,1.0
2022-08-02,4.5,4.52,4.27,4.35,292809,130454.388,1.0
2022-08-03,4.34,4.44,4.28,4.29,199398,88827.884,1.0
2022-08-04,4.33,4.36,4.25,4.33,146497,64328.622,1.0
2022-08-05,4.33,4.43,4.32,4.42,142640,63667.793,1.0
2022-08-08,4.42,4.43,4.36,4.4,134195,60103.491,1.0
2022-08-09,4.39,4.39,4.34,4.37,117672,52304.54,1.0
2022-08-10,4.35,4.36,4.29,4.31,140546,61915.707,1.0
2022-08-11,4.32,4.46,4.32,4.45,262498,118067.208,1.0
2022-08-12,4.49,4.63,4.47,4.59,346197,161556.882,1.0
2022-08-15,4.6,4.61,4.53,4.57,198068,92200.739,1.0
2022-08-16,4.59,4.59,4.51,4.54,136821,63349.556,1.0
2022-08-17,4.56,4.73,4.51,4.72,343344,163002.342,1.0
2022-08-18,4.71,4.72,4.59,4.64,209982,99231.368,1.0
2022-08-19,4.63,4.77,4.62,4.65,250660,120163.972,1.0
2022-08-22,4.63,4.76,4.62,4.73,263783,126514.328,1.0
2022-08-23,4.79,4.89,4.74,4.76,416835,203711.584,1.0
2022-08-24,4.73,4.82,4.68,4.69,373088,180433.836,1.0
2022-08-25,4.75,4.83,4.62,4.79,383625,185670.684,1.0
2022-08-26,4.78,4.83,4.74,4.76,245543,119864.749,1.0
2022-08-29,4.66,4.82,4.61,4.81,263581,127060.911,1.0
2022-08-30,4.79,4.93,4.78,4.84,310666,153679.673,1.0
2022-08-31,4.85,4.97,4.77,4.8,395111,195899.679,1.0
2022-09-01,4.82,4.87,4.71,4.75,317079,154259.228,1.0
2022-09-02,4.75,4.87,4.73,4.79,252317,123684.489,1.0
2022-09-05,4.76,4.81,4.69,4.74,216460,104240.366,1.0
2022-09-06,4.75,4.77,4.7,4.75,189051,91230.198,1.0
2022-09-07,4.73,4.75,4.6,4.64,243461,115255.339,1.0
2022-09-08,4.66,4.86,4.65,4.72,368777,179049.589,1.0
2022-09-09,4.71,4.8,4.64,4.78,240085,115587.676,1.0
2022-09-13,4.81,4.91,4.78,4.87,278518,137340.615,1.0
2022-09-14,4.83,5.08,4.8,5.01,683168,345674.853,1.0
2022-09-15,5.05,5.13,4.99,5.04,597561,306989.451,1.0
2022-09-16,5.02,5.18,4.97,5.04,535822,276779.965,1.0
2022-09-19,5.07,5.08,4.81,4.94,422163,210730.969,1.0
2022-09-20,5.01,5.15,4.92,5.02,411123,209302.307,1.0
2022-09-21,4.97,5.14,4.81,5.1,428759,218063.472,1.0
2022-09-22,5.05,5.1,4.96,4.98,297143,151764.065,1.0
2022-09-23,5.04,5.15,4.78,4.84,566915,287679.743,1.0
2022-09-26,4.81,5.01,4.79,4.83,392548,195466.504,1.0
2022-09-27,5.07,5.27,4.9,5.22,845144,437189.518,1.0
2022-09-28,5.18,5.2,4.88,4.9,621415,317493.766,1.0
2022-09-29,4.96,4.97,4.65,4.68,523132,254835.664,1.0
2022-09-30,4.68,5.02,4.68,4.8,621942,305858.303,1.0
2022-10-10,4.85,4.85,4.23,4.26,878221,393625.412,1.0
2022-10-11,4.26,4.3,4.03,4.13,486269,205222.2,1.0
2022-10-12,4.12,4.33,4.06,4.29,402651,171144.4,1.0
2022-10-13,4.22,4.32,4.16,4.22,338230,146052.884,1.0
2022-10-14,4.25,4.33,4.25,4.28,299200,131034.644,1.0
2022-10-17,4.25,4.37,4.25,4.36,257556,113765.422,1.0
2022-10-18,4.37,4.42,4.34,4.36,273617,122217.846,1.0
2022-10-19,4.33,4.36,4.23,4.25,230849,101114.027,1.0
2022-10-20,4.24,4.34,4.19,4.25,217795,94799.544,1.0
2022-10-21,4.23,4.31,4.17,4.19,216752,93585.976,1.0
2022-10-24,4.19,4.28,4.05,4.09,289344,122883.802,1.0
2022-10-25,4.11,4.12,3.99,4.08,245104,101642.144,1.0
2022-10-26,4.05,4.19,4.04,4.17,266363,112838.418,1.0
2022-10-27,4.19,4.26,4.17,4.18,207898,89450.27,1.0
2022-10-28,4.17,4.19,4.01,4.06,202109,85015.302,1.0
2022-10-31,4.0,4.16,4.0,4.1,185437,77362.953,1.0
2022-11-01,4.1,4.31,4.07,4.29,314135,135160.126,1.0
2022-11-02,4.33,4.46,4.3,4.41,374835,168341.935,1.0
2022-11-03,4.34,4.39,4.29,4.31,222694,98433.308,1.0
2022-11-04,4.32,4.49,4.29,4.43,373329,167747.753,1.0
2022-11-07,4.39,4.5,4.37,4.48,265431,120207.613,1.0
2022-11-08,4.49,4.55,4.44,4.46,183434,83792.29,1.0
2022-11-09,4.45,4.54,4.43,4.45,178496,81580.712,1.0
2022-11-10,4.42,4.58,4.4,4.54,263499,121452.998,1.0
2022-11-11,4.64,4.69,4.56,4.57,379607,178909.323,1.0
2022-11-14,4.58,4.65,4.56,4.6,248254,116533.756,1.0
2022-11-15,4.56,4.72,4.56,4.68,244088,116113.856,1.0
2022-11-16,4.71,4.83,4.69,4.73,293625,142306.641,1.0
2022-11-17,4.73,4.82,4.69,4.78,219385,106109.207,1.0
2022-11-18,4.77,4.9,4.74,4.76,263862,129379.602,1.0
2022-11-21,4.71,4.74,4.59,4.62,258004,121989.089,1.0
2022-11-22,4.61,4.67,4.53,4.55,186717,87292.761,1.0
2022-11-23,4.55,4.6,4.46,4.53,189257,87351.198,1.0
2022-11-24,4.54,4.58,4.45,4.47,178531,81728.529,1.0
2022-11-25,4.46,4.5,4.43,4.48,151626,69212.656,1.0
2022-11-28,4.44,4.6,4.34,4.54,227961,104078.323,1.0
2022-11-29,4.51,4.76,4.51,4.74,328716,156814.481,1.0
2022-11-30,4.72,4.8,4.68,4.7,199948,96003.071,1.0
2022-12-01,4.9,4.98,4.78,4.84,415215,205753.604,1.0
2022-12-02,4.83,4.98,4.81,4.9,278574,139368.158,1.0
2022-12-05,4.99,5.02,4.9,4.93,284174,143240.344,1.0
2022-12-06,4.91,5.08,4.89,4.95,324900,164919.196,1.0
2022-12-07,4.91,5.06,4.86,4.99,340666,172006.56,1.0
2022-12-08,4.99,5.02,4.92,5.01,265537,134474.594,1.0
2022-12-09,5.01,5.01,4.86,4.94,242795,121961.057,1.0
2022-12-12,4.92,4.97,4.86,4.93,231251,116144.414,1.0
2022-12-13,4.9,5.25,4.9,5.09,575970,300974.331,1.0
2022-12-14,5.06,5.21,5.02,5.18,369113,192673.276,1.0
2022-12-15,5.17,5.17,4.93,4.95,398836,203618.299,1.0
2022-12-16,4.92,4.99,4.88,4.91,249485,124989.269,1.0
2022-12-19,4.89,4.94,4.75,4.79,270997,132697.803,1.0
2022-12-20,4.83,4.83,4.65,4.67,220698,105970.82,1.0
2022-12-21,4.68,4.8,4.65,4.76,262702,126809.212,1.0
2022-12-22,4.77,4.93,4.75,4.8,266517,131472.101,1.0
2022-12-23,4.77,5.06,4.73,4.97,388896,197176.78,1.0
2022-12-26,4.95,5.16,4.93,5.05,327922,168733.499,1.0
2022-12-27,5.05,5.08,4.95,5.04,274917,140469.116,1.0
2022-12-28,5.04,5.34,5.0,5.18,585517,310135.371,1.0
2022-12-29,5.16,5.23,5.09,5.13,327482,171574.251,1.0
2022-12-30,5.14,5.28,5.1,5.24,417182,221525.492,1.0
2023-01-03,5.26,5.32,5.18,5.29,451119,241782.261,1.0
2023-01-04,5.24,5.45,5.24,5.43,563815,309135.348,1.0
2023-01-05,5.43,5.48,5.33,5.39,406091,222576.965,1.0
2023-01-06,5.35,5.38,5.16,5.17,422199,224454.235,1.0
2023-01-09,5.24,5.34,5.14,5.32,413592,221299.425,1.0
2023-01-10,5.29,5.3,5.17,5.22,270426,143560.545,1.0
2023-01-11,5.26,5.26,5.1,5.11,232601,121857.131,1.0
2023-01-12,5.13,5.16,5.05,5.1,193678,100381.669,1.0
2023-01-13,5.09,5.26,5.06,5.22,302326,159350.8,1.0
2023-01-16,5.31,5.38,5.2,5.28,330824,178051.316,1.0
2023-01-17,5.26,5.28,5.11,5.17,260169,137165.791,1.0
2023-01-18,5.19,5.44,5.19,5.35,468162,253985.516,1.0
2023-01-19,5.31,5.55,5.29,5.54,422232,234083.405,1.0
2023-01-20,5.54,5.55,5.41,5.54,344388,191974.877,1.0
2023-01-30,5.61,5.62,5.16,5.17,734301,392229.398,1.0
2023-01-31,5.15,5.21,5.06,5.11,344746,179566.556,1.0
2023-02-01,5.11,5.17,5.06,5.16,293112,152669.934,1.0
2023-02-02,5.15,5.26,5.14,5.18,328057,173353.465,1.0
2023-02-03,5.16,5.21,5.09,5.12,252052,131821.164,1.0
2023-02-06,5.13,5.19,5.05,5.1,245645,127636.41,1.0
2023-02-07,5.11,5.17,5.07,5.12,236498,123239.638,1.0
2023-02-08,5.12,5.13,5.0,5.02,318812,163287.724,1.0
2023-02-09,5.01,5.09,4.98,5.09,200221,102858.215,1.0
2023-02-10,5.07,5.22,5.07,5.22,425254,224298.022,1.0
2023-02-13,5.23,5.45,5.17,5.42,461169,249229.415,1.0
2023-02-14,5.42,5.42,5.31,5.36,302178,164620.373,1.0
2023-02-15,5.35,5.4,5.3,5.37,196978,107379.43,1.0
2023-02-16,5.41,5.77,5.38,5.51,769064,436855.524,1.0
2023-02-17,5.56,5.57,5.34,5.36,354898,195686.64,1.0
2023-02-20,5.36,5.49,5.32,5.49,294972,162947.858,1.0
2023-02-21,5.47,5.51,5.34,5.41,239896,132103.868,1.0
2023-02-22,5.36,5.37,5.28,5.35,153263,83049.774,1.0
2023-02-23,5.35,5.36,5.21,5.24,198733,106445.128,1.0
2023-02-24,5.26,5.28,5.16,5.22,157668,83654.843,1.0
2023-02-27,5.2,5.29,5.16,5.18,183814,97538.215,1.0
2023-02-28,5.22,5.32,5.19,5.31,219884,117802.092,1.0
2023-03-01,5.31,5.56,5.28,5.5,354318,196027.9,1.0
2023-03-02,5.46,5.67,5.46,5.64,423584,240365.408,1.0
2023-03-03,5.61,5.71,5.56,5.64,257587,147147.679,1.0
2023-03-06,5.61,5.69,5.57,5.65,240132,137585.189,1.0
2023-03-07,5.65,5.7,5.44,5.44,262849,148222.315,1.0
2023-03-08,5.51,5.7,5.41,5.69,341792,194241.901,1.0
2023-03-09,5.68,5.76,5.61,5.71,313383,181219.303,1.0
2023-03-10,5.66,5.91,5.62,5.81,538049,317892.645,1.0
2023-03-13,5.74,6.01,5.61,5.98,499720,295092.653,1.0
2023-03-14,5.94,6.26,5.91,5.96,701705,431456.44,1.0
2023-03-15,5.94,6.02,5.8,5.88,332710,199525.26,1.0
2023-03-16,5.89,5.91,5.76,5.81,209680,123918.903,1.0
2023-03-17,5.81,6.46,5.8,6.32,847827,535227.489,1.0
2023-03-20,6.46,6.9,6.45,6.71,1140172,779412.152,1.0
2023-03-21,6.63,7.14,6.6,6.91,720525,499984.423,1.0
2023-03-22,6.95,7.05,6.63,6.86,774267,535281.515,1.0
2023-03-23,6.9,7.13,6.79,6.96,695756,491789.885,1.0
2023-03-24,6.96,7.57,6.87,7.39,815456,593052.314,1.0
2023-03-27,7.35,7.43,6.96,7.21,664989,484626.237,1.0
2023-03-28,7.13,7.26,6.92,7.0,527326,377495.644,1.0
2023-03-29,7.07,7.3,6.79,7.09,525852,374017.362,1.0
2023-03-30,7.15,7.2,6.92,7.02,249910,178339.706,1.0
2023-03-31,6.97,7.94,6.97,7.84,823380,627773.78,1.0
2023-04-03,7.85,8.6,7.71,8.37,1292624,1080183.023,1.0
2023-04-04,8.36,8.48,7.66,7.76,1015764,823662.496,1.0
2023-04-06,7.72,7.76,7.29,7.4,776225,585077.104,1.0
2023-04-07,7.42,8.04,7.28,7.65,1005782,783331.184,1.0
2023-04-10,7.7,7.96,7.29,7.43,825095,633717.128,1.0
2023-04-11,7.36,8.93,7.34,8.49,1968028,1660244.599,1.0
2023-04-12,8.41,9.11,8.36,8.77,1716913,1517782.452,1.0
2023-04-13,8.66,9.48,8.58,8.76,1622096,1478709.285,1.0
2023-04-14,8.69,9.01,8.37,8.84,1340639,1181408.698,1.0
2023-04-17,8.81,9.22,8.48,8.52,1046717,925097.03,1.0
2023-04-18,8.51,8.65,7.9,8.33,1107786,920230.429,1.0
2023-04-19,8.34,9.48,8.34,8.93,1397761,1267638.657,1.0
2023-04-20,8.83,9.35,8.74,9.3,1186814,1092566.776,1.0
2023-04-21,9.06,9.3,8.61,9.0,919359,832817.931,1.0
2023-04-24,8.89,9.54,8.61,9.1,961099,880471.889,1.0
2023-04-25,9.01,9.57,8.64,9.35,1265068,1160499.813,1.0
2023-04-26,9.53,9.64,8.51,9.09,1423425,1306846.075,1.0
2023-04-27,8.92,9.01,8.01,8.23,1173588,1001599.052,1.0
2023-04-28,8.14,8.87,8.14,8.54,1234083,1071911.392,1.0
2023-05-04,8.51,8.95,8.01,8.76,1720716,1476552.887,1.0
2023-05-05,8.52,8.52,7.91,8.0,1166629,964193.519,1.0
2023-05-08,7.92,8.27,7.79,8.01,779878,631588.075,1.0
2023-05-09,7.91,8.4,7.85,8.04,743972,612600.825,1.0
2023-05-10,7.94,8.25,7.77,7.93,617402,496480.453,1.0
2023-05-11,8.41,9.53,8.36,9.53,1678069,1522053.35,1.0
2023-05-12,9.61,9.76,8.92,9.09,1884877,1764297.946,1.0
2023-05-15,9.11,9.26,7.95,8.21,1522931,1298803.19,1.0
2023-05-16,8.25,8.32,7.53,7.64,1067573,841463.04,1.0
2023-05-17,7.53,7.75,7.31,7.38,792934,599180.96,1.0
2023-05-18,7.36,7.77,7.26,7.71,1019559,779173.793,1.0
2023-05-19,7.6,7.84,7.43,7.46,786534,605128.756,1.0
2023-05-22,7.37,7.49,7.05,7.24,702981,513200.553,1.0
2023-05-23,7.23,7.26,6.92,6.95,436433,311598.835,1.0
2023-05-24,7.01,7.07,6.82,6.87,522812,366036.341,1.0
2023-05-25,6.86,7.0,6.58,6.76,545912,372996.52,1.0
2023-05-26,6.76,7.06,6.66,7.02,627322,440831.657,1.0
2023-05-29,7.0,7.25,6.9,7.11,651062,467587.356,1.0
2023-05-30,7.04,7.44,6.9,7.42,721969,525887.064,1.0
2023-05-31,7.38,7.91,7.34,7.71,759719,588494.068,1.0
2023-06-01,7.6,7.99,7.57,7.83,719584,568815.164,1.0
2023-06-02,7.84,7.92,7.65,7.68,528059,413362.343,1.0
2023-06-05,7.68,8.19,7.61,7.99,701038,561773.872,1.0
2023-06-06,7.9,8.25,7.62,7.73,813547,650640.87,1.0
2023-06-07,7.68,8.07,7.48,7.94,609506,483728.547,1.0
2023-06-08,7.91,7.93,7.49,7.67,453057,350569.617,1.0
2023-06-09,7.7,7.88,7.51,7.81,435614,339679.388,1.0
2023-06-12,7.82,8.04,7.7,7.74,457234,361133.247,1.0
2023-06-13,7.71,8.13,7.69,8.05,692046,556147.998,1.0
2023-06-14,8.0,8.38,7.96,8.07,565798,464095.086,1.0
2023-06-15,8.1,8.26,7.86,7.9,548878,443803.874,1.0
2023-06-16,7.83,7.94,7.58,7.76,703431,550666.411,1.0
2023-06-19,7.82,8.01,7.79,7.91,527912,420871.919,1.0
2023-06-20,7.98,8.39,7.86,8.19,888723,737006.417,1.0
2023-06-21,8.11,8.14,7.33,7.38,963306,740177.699,1.0
2023-06-26,7.31,7.52,7.02,7.08,576953,419810.308,1.0
2023-06-27,7.13,7.33,7.0,7.17,404838,292223.386,1.0
2023-06-28,7.13,7.19,6.66,6.88,591463,408331.888,1.0
2023-06-29,6.89,7.23,6.88,7.12,419473,299232.372,1.0
2023-06-30,7.13,7.16,6.93,7.02,351552,249249.657,1.0
2023-07-03,7.05,7.08,6.73,6.96,401557,279891.831,1.0
2023-07-04,6.98,7.03,6.84,6.9,283870,198061.379,1.0
2023-07-05,6.87,6.95,6.79,6.8,234378,162377.853,1.0
2023-07-06,6.8,6.95,6.79,6.83,257121,178436.852,1.0
2023-07-07,6.8,6.96,6.64,6.85,315079,217119.484,1.0
2023-07-10,6.9,7.18,6.86,7.02,510468,362184.909,1.0
2023-07-11,7.02,7.03,6.81,6.93,289303,202044.699,1.0
2023-07-12,6.95,7.08,6.68,6.7,330342,227722.535,1.0
2023-07-13,6.75,6.99,6.63,6.96,422257,292625.898,1.0
2023-07-14,6.97,7.08,6.92,6.95,401219,283200.176,1.0
2023-07-17,6.91,7.05,6.78,6.87,308443,214203.011,1.0
2023-07-18,6.88,6.88,6.72,6.73,232578,158892.119,1.0
2023-07-19,6.72,6.85,6.67,6.79,224473,153728.871,1.0
2023-07-20,6.79,6.9,6.68,6.76,296397,203804.126,1.0
2023-07-21,6.73,6.83,6.63,6.7,257757,175035.79,1.0
2023-07-24,6.68,6.83,6.63,6.67,223998,151887.72,1.0
2023-07-25,6.76,6.89,6.68,6.82,294609,202584.149,1.0
2023-07-26,6.95,6.96,6.51,6.55,466583,312757.375,1.0
2023-07-27,6.53,6.59,6.42,6.43,313531,205266.88,1.0
2023-07-28,6.4,6.56,6.36,6.48,328053,214576.949,1.0
2023-07-31,6.48,6.87,6.39,6.77,429110,289502.566,1.0
2023-08-01,6.74,6.8,6.67,6.71,250861,170105.087,1.0
2023-08-02,6.68,6.7,6.53,6.58,274239,182255.598,1.0
2023-08-03,6.55,6.64,6.5,6.53,262395,173777.996,1.0
2023-08-04,6.54,6.69,6.53,6.66,327306,219834.598,1.0
2023-08-07,6.7,6.86,6.69,6.76,392721,268913.22,1.0
2023-08-08,6.73,6.91,6.72,6.83,405596,280573.698,1.0
2023-08-09,6.76,6.86,6.64,6.67,297585,202342.993,1.0
2023-08-10,6.66,6.73,6.55,6.56,237664,158972.331,1.0
2023-08-11,6.56,6.62,6.35,6.37,372567,243179.464,1.0
2023-08-14,6.25,6.45,6.18,6.41,506107,323190.047,1.0
2023-08-15,6.42,6.43,6.15,6.21,426775,269282.045,1.0
2023-08-16,6.19,6.33,6.14,6.23,280416,176647.723,1.0
2023-08-17,6.22,6.24,6.11,6.18,290331,181321.614,1.0
2023-08-18,6.18,6.21,5.94,5.94,554737,338565.057,1.0
2023-08-21,5.98,6.1,5.93,5.97,310251,189113.65,1.0
2023-08-22,6.02,6.16,5.96,6.15,349638,214293.684,1.0
2023-08-23,6.13,6.23,6.07,6.09,273279,169862.147,1.0
2023-08-24,6.12,6.48,6.1,6.3,630856,403545.102,1.0
2023-08-25,6.26,6.33,6.04,6.09,448634,279829.356,1.0
2023-08-28,6.4,6.47,6.11,6.14,584576,370284.646,1.0
2023-08-29,6.14,6.39,6.1,6.35,466396,296723.47,1.0
2023-08-30,6.32,6.41,6.26,6.37,412711,264722.05,1.0
2023-08-31,6.33,6.34,6.21,6.25,320059,202700.232,1.0
2023-09-01,6.26,6.28,6.18,6.2,225904,142133.542,1.0
2023-09-04,6.21,6.32,6.18,6.29,244314,154670.256,1.0
2023-09-05,6.26,6.29,6.11,6.13,299239,187155.425,1.0
2023-09-06,6.09,6.11,5.99,6.02,253798,154922.881,1.0
2023-09-07,6.01,6.09,5.9,5.91,311995,188906.324,1.0
2023-09-08,5.91,5.92,5.75,5.79,290156,170538.955,1.0
2023-09-11,5.86,6.04,5.82,6.01,359743,216525.887,1.0
2023-09-12,5.99,6.02,5.85,5.87,274446,163923.328,1.0
2023-09-13,5.87,5.9,5.76,5.8,223696,131668.414,1.0
2023-09-14,5.77,5.82,5.7,5.75,208647,121481.982,1.0
2023-09-15,5.79,5.84,5.72,5.73,181726,106338.434,1.0
2023-09-18,5.68,5.82,5.67,5.78,173437,101249.734,1.0
2023-09-19,5.76,5.8,5.65,5.66,185909,107190.506,1.0
2023-09-20,5.64,5.69,5.59,5.59,168060,95890.043,1.0
2023-09-21,5.6,5.66,5.55,5.58,143110,81091.51,1.0
2023-09-22,5.55,5.8,5.55,5.79,255190,147438.615,1.0
2023-09-25,5.78,5.81,5.61,5.65,239112,137184.073,1.0
2023-09-26,5.65,5.77,5.64,5.71,209818,121556.924,1.0
2023-09-27,5.72,5.79,5.67,5.76,209446,121701.917,1.0
2023-09-28,5.76,5.77,5.66,5.7,212125,122444.134,1.0
2023-10-09,5.61,5.68,5.5,5.59,240026,135612.182,1.0
2023-10-10,5.59,5.67,5.55,5.56,152586,86458.74,1.0
2023-10-11,5.59,5.75,5.51,5.62,265811,152252.621,1.0
2023-10-12,5.64,5.65,5.46,5.5,275932,154108.607,1.0
2023-10-13,5.46,5.5,5.41,5.43,185382,102268.782,1.0
2023-10-16,5.44,5.44,5.32,5.36,189528,102923.557,1.0
2023-10-17,5.36,5.39,5.32,5.34,140773,76344.027,1.0
2023-10-18,5.32,5.33,5.23,5.23,159318,85018.888,1.0
2023-10-19,5.22,5.33,5.2,5.22,181330,96875.791,1.0
2023-10-20,5.2,5.27,5.14,5.15,167376,88079.615,1.0
2023-10-23,5.14,5.16,4.99,5.03,190028,97751.322,1.0
2023-10-24,5.05,5.17,5.05,5.12,184692,95846.148,1.0
2023-10-25,5.19,5.26,5.15,5.16,239233,125957.73,1.0
2023-10-26,5.16,5.23,5.11,5.19,191822,100466.241,1.0
2023-10-27,5.15,5.26,5.1,5.23,236405,124328.134,1.0
2023-10-30,5.2,5.37,5.17,5.35,328390,175886.427,1.0
2023-10-31,5.62,5.91,5.54,5.56,1089884,627344.308,1.0
2023-11-01,5.64,5.85,5.54,5.69,804545,468445.767,1.0
2023-11-02,5.74,6.14,5.68,5.9,1066473,644193.604,1.0
2023-11-03,5.93,6.05,5.71,5.94,789735,470080.756,1.0
2023-11-06,6.03,6.5,6.03,6.38,1164263,736809.075,1.0
2023-11-07,6.38,6.53,6.21,6.43,915535,588837.501,1.0
2023-11-08,6.29,7.06,6.29,6.79,1556585,1072720.573,1.0
2023-11-09,6.65,6.79,6.47,6.54,993587,665555.027,1.0
2023-11-10,6.45,6.51,6.19,6.23,804776,512953.44,1.0
2023-11-13,6.36,6.5,6.27,6.36,714668,460546.182,1.0
2023-11-14,6.28,6.33,6.22,6.3,439049,278339.599,1.0
2023-11-15,6.35,6.36,6.16,6.19,439250,276398.635,1.0
2023-11-16,6.15,6.35,6.12,6.26,585210,369270.726,1.0
2023-11-17,6.31,6.43,6.19,6.31,561376,357786.864,1.0
2023-11-20,6.23,6.41,6.21,6.3,506802,323410.024,1.0
2023-11-21,6.29,6.49,6.27,6.35,818097,528457.453,1.0
2023-11-22,6.31,6.66,6.31,6.59,1281539,846532.298,1.0
2023-11-23,6.51,6.51,6.23,6.32,802134,514300.226,1.0
2023-11-24,6.33,6.5,6.28,6.32,618739,399255.32,1.0
2023-11-27,6.14,6.23,6.05,6.13,637752,394450.993,1.0
2023-11-28,6.14,6.26,6.06,6.21,392482,245005.324,1.0
2023-11-29,6.15,6.19,6.05,6.07,301859,186143.065,1.0
2023-11-30,6.07,6.14,6.0,6.04,261462,160180.756,1.0
2023-12-01,6.32,6.83,6.24,6.73,1278084,842140.84,1.0
2023-12-04,6.57,7.63,6.56,7.06,2211448,1562705.03,1.0
2023-12-05,6.84,6.95,6.63,6.83,1576805,1079192.587,1.0
2023-12-06,6.8,7.0,6.53,6.81,1459252,999446.972,1.0
2023-12-07,6.99,7.31,6.81,6.97,1537398,1084772.541,1.0
2023-12-08,6.88,6.92,6.7,6.77,1146791,788863.093,1.0
2023-12-11,6.77,7.28,6.68,7.17,1413510,999207.151,1.0
2023-12-12,7.16,7.23,6.96,7.0,869854,619769.994,1.0
2023-12-13,7.01,7.07,6.8,6.82,656165,458074.621,1.0
2023-12-14,6.81,6.91,6.69,6.71,566244,388846.576,1.0
2023-12-15,6.72,7.01,6.64,6.86,833327,577150.54,1.0
2023-12-18,6.83,6.93,6.64,6.68,512354,349807.886,1.0
2023-12-19,6.68,6.85,6.63,6.71,361102,245344.479,1.0
2023-12-20,6.73,6.8,6.4,6.46,554998,366142.499,1.0
2023-12-21,6.36,6.57,6.35,6.5,444358,290580.985,1.0
2023-12-22,6.43,6.48,5.79,5.83,981509,598056.717,1.0
2023-12-25,5.83,5.92,5.56,5.79,650644,378027.268,1.0
2023-12-26,5.83,5.84,5.57,5.6,331504,189651.243,1.0
2023-12-27,5.64,5.67,5.46,5.51,375789,209653.005,1.0
2023-12-28,5.52,5.6,5.41,5.58,454877,255407.419,1.0
2023-12-29,5.57,5.95,5.55,5.8,665482,390509.984,1.0
2024-01-02,5.92,6.18,5.88,5.93,618418,374791.613,1.0
2024-01-03,5.87,6.1,5.76,5.97,511986,309410.895,1.0
2024-01-04,5.93,5.94,5.76,5.85,322383,190346.66,1.0
2024-01-05,5.85,5.87,5.65,5.69,284781,165333.397,1.0
2024-01-08,5.75,5.75,5.59,5.61,235589,135129.573,1.0
2024-01-09,5.61,5.74,5.52,5.59,288082,163920.599,1.0
2024-01-10,5.58,5.58,5.37,5.42,335612,185085.63,1.0
2024-01-11,5.39,5.57,5.34,5.55,309130,171942.82,1.0
2024-01-12,5.53,5.57,5.4,5.42,278782,154359.128,1.0
2024-01-15,5.37,5.49,5.35,5.4,259142,142598.514,1.0
2024-01-16,5.42,5.43,5.27,5.35,303329,163695.465,1.0
2024-01-17,5.33,5.37,5.19,5.19,225581,120658.163,1.0
2024-01-18,5.17,5.25,5.05,5.23,335855,175385.695,1.0
2024-01-19,5.21,5.43,5.21,5.29,456788,247042.288,1.0
2024-01-22,5.24,5.29,4.83,4.87,468015,239150.065,1.0
2024-01-23,4.87,5.08,4.78,5.03,403162,202682.218,1.0
2024-01-24,5.03,5.11,4.86,5.07,439788,222842.582,1.0
2024-01-25,5.07,5.26,4.94,5.25,539503,280286.648,1.0
2024-01-26,5.21,5.33,5.14,5.22,441971,234525.738,1.0
2024-01-29,5.2,5.22,4.98,5.03,399529,204928.505,1.0
2024-01-30,5.01,5.02,4.79,4.81,307599,153163.329,1.0
2024-01-31,4.78,4.92,4.6,4.62,478343,230045.3,1.0
2024-02-01,4.59,4.71,4.47,4.55,409393,190205.45,1.0
2024-02-02,4.56,4.72,4.23,4.39,492471,224903.07,1.0
2024-02-05,4.39,4.47,3.85,3.94,753757,310622.827,1.0
2024-02-06,3.9,4.37,3.81,4.29,683527,282782.924,1.0
2024-02-07,4.3,4.55,4.26,4.48,733295,329232.156,1.0
2024-02-08,4.51,4.86,4.51,4.77,685234,329236.294,1.0
2024-02-19,5.04,5.13,4.9,5.07,879102,448779.529,1.0
2024-02-20,5.02,5.1,4.88,5.06,630873,319238.929,1.0
2024-02-21,5.27,5.38,5.1,5.14,951246,501236.112,1.0
2024-02-22,5.26,5.33,5.12,5.24,719162,380121.117,1.0
2024-02-23,5.24,5.68,5.11,5.59,1368500,750425.654,1.0
2024-02-26,5.47,5.49,5.34,5.44,963447,528674.773,1.0
2024-02-27,5.36,5.64,5.34,5.63,1163346,648868.912,1.0
2024-02-28,5.56,5.92,5.21,5.24,1314640,740642.19,1.0
2024-02-29,5.19,5.44,5.16,5.42,776830,420789.774,1.0
2024-03-01,5.37,5.53,5.33,5.51,816926,448859.445,1.0
2024-03-04,5.62,5.83,5.46,5.8,1341017,768041.418,1.0
2024-03-05,5.93,6.18,5.76,5.8,1627112,982142.22,1.0
2024-03-06,5.67,5.84,5.54,5.6,1024969,585168.312,1.0
2024-03-07,5.61,5.69,5.32,5.34,810147,450043.388,1.0
2024-03-08,5.38,5.57,5.32,5.44,546803,301201.494,1.0
2024-03-11,5.38,5.58,5.35,5.58,554005,307282.058,1.0
2024-03-12,5.58,5.68,5.5,5.62,606059,342841.673,1.0
2024-03-13,5.62,5.95,5.58,5.79,1022332,597185.617,1.0
2024-03-14,5.73,5.73,5.51,5.61,663788,377314.372,1.0
2024-03-15,5.57,5.62,5.48,5.59,593425,333305.794,1.0
2024-03-18,5.62,5.97,5.58,5.97,1129596,664781.085,1.0
2024-03-19,6.13,6.88,6.11,6.33,2150399,1402109.335,1.0
2024-03-20,6.82,7.61,6.82,7.61,1542065,1145417.55,1.0
2024-03-21,9.15,9.15,9.15,9.15,401060,369776.96,1.0
2024-03-22,9.61,10.99,9.45,10.99,5225506,5287286.192,1.0
2024-03-25,10.23,10.43,9.46,9.56,4130288,4106806.227,1.0
2024-03-26,9.53,9.8,9.01,9.17,3418307,3235376.699,1.0
2024-03-27,9.08,9.72,8.88,9.21,3437717,3222678.443,1.0
2024-03-28,8.83,9.63,8.79,9.37,3333236,3123698.436,1.0
2024-03-29,9.15,9.91,9.03,9.61,3504227,3383411.095,1.0
2024-04-01,9.68,9.76,8.85,9.34,3072462,2863901.87,1.0
2024-04-02,9.08,9.17,8.14,8.22,3354869,2886331.446,1.0
2024-04-03,8.13,8.28,7.76,7.82,2109091,1691230.537,1.0
2024-04-08,7.8,7.96,7.74,7.82,1514603,1202513.146,1.0
2024-04-09,7.73,7.84,7.43,7.62,1589216,1217065.49,1.0
2024-04-10,7.58,7.6,7.21,7.32,1471424,1089161.243,1.0
2024-04-11,7.33,7.89,7.33,7.68,2537461,1973968.021,1.0
2024-04-12,7.62,7.66,7.27,7.28,1830472,1375177.96,1.0
2024-04-15,7.23,7.33,6.78,6.92,1579603,1119304.55,1.0
2024-04-16,6.89,6.98,6.43,6.48,1316668,878022.795,1.0
2024-04-17,6.65,7.18,6.65,7.07,1652272,1165549.369,1.0
2024-04-18,6.98,7.17,6.86,7.02,1462753,1035217.97,1.0
2024-04-19,6.93,7.09,6.78,6.83,1125733,783127.316,1.0
2024-04-22,6.64,6.75,6.55,6.69,860110,579065.082,1.0
2024-04-23,6.79,7.41,6.74,7.16,2213496,1580068.191,1.0
2024-04-24,7.0,7.45,7.0,7.37,2056179,1500591.811,1.0
2024-04-25,6.93,7.25,6.84,7.09,1748033,1247123.852,1.0
2024-04-26,7.14,8.26,7.04,7.93,2880875,2228053.373,1.0
2024-04-29,8.27,8.69,8.01,8.44,2818379,2380177.326,1.0
2024-04-30,8.24,8.66,8.24,8.43,2096737,1781186.049,1.0
2024-05-06,8.52,8.69,8.02,8.05,2085157,1735977.727,1.0
2024-05-07,8.53,9.31,8.34,8.45,2898015,2528731.266,1.0
2024-05-08,8.03,8.41,7.74,8.14,2246549,1813400.848,1.0
2024-05-09,8.0,8.2,7.95,8.04,1246519,1014049.571,1.0
2024-05-10,8.04,8.18,7.74,7.82,1260599,1005883.616,1.0
2024-05-13,7.73,7.78,7.4,7.5,1133349,865715.919,1.0
2024-05-14,7.66,7.79,7.37,7.49,1170895,892060.377,1.0
2024-05-15,7.36,7.51,7.23,7.24,1037464,767468.539,1.0
2024-05-16,7.41,7.72,7.37,7.49,1427321,1085423.158,1.0
2024-05-17,7.35,7.52,7.27,7.44,988660,737242.05,1.0
2024-05-20,7.38,7.9,7.24,7.72,1552856,1203617.38,1.0
2024-05-21,7.72,7.98,7.57,7.62,1334886,1046256.611,1.0
2024-05-22,7.6,8.42,7.45,8.34,2383376,1924378.712,1.0
2024-05-23,8.1,8.24,7.91,7.98,1476500,1196930.713,1.0
2024-05-24,7.99,8.39,7.75,7.84,1793311,1469745.42,1.0
2024-05-27,7.62,7.76,6.94,7.38,1671948,1236179.78,1.0
2024-05-28,7.23,7.3,6.97,6.97,1040500,742913.862,1.0
2024-05-29,7.04,7.3,7.04,7.13,930189,667714.298,1.0
2024-05-30,7.09,7.25,6.89,7.07,762331,544269.225,1.0
2024-05-31,7.04,7.21,7.03,7.08,710346,507271.233,1.0
2024-06-03,7.11,7.25,6.97,7.14,895953,641306.507,1.0
2024-06-04,7.04,7.17,6.89,7.0,761578,536235.828,1.0
2024-06-05,6.97,7.0,6.52,6.59,1316310,884867.209,1.0
2024-06-06,6.57,6.67,6.25,6.3,1041392,667803.326,1.0
2024-06-07,6.41,6.5,6.27,6.42,696588,447663.826,1.0
2024-06-11,6.36,6.45,6.25,6.4,523230,334482.592,1.0
2024-06-12,6.36,6.75,6.36,6.67,1030323,682315.517,1.0
2024-06-13,6.63,6.68,6.5,6.56,704207,464161.317,1.0
2024-06-14,6.53,6.72,6.51,6.59,650957,431305.388,1.0
2024-06-17,6.51,6.55,6.39,6.44,544690,353269.265,1.0
2024-06-18,6.52,6.56,6.42,6.49,521173,339543.372,1.0
2024-06-19,6.47,6.5,6.3,6.31,589267,377702.628,1.0
2024-06-20,6.29,6.31,6.01,6.03,776656,476937.479,1.0
2024-06-21,6.02,6.07,5.93,5.97,451870,271980.039,1.0
2024-06-24,5.93,5.95,5.72,5.74,546272,318457.405,1.0
2024-06-25,5.76,5.84,5.69,5.74,428663,248253.809,1.0
2024-06-26,5.75,6.61,5.65,6.5,1947182,1204952.743,1.0
2024-06-27,6.36,6.67,6.22,6.26,1657300,1070871.48,1.0
2024-06-28,6.23,6.35,6.09,6.11,1108847,691160.77,1.0
2024-07-01,6.08,6.18,5.96,6.15,623005,379762.52,1.0
2024-07-02,6.13,6.27,6.04,6.06,716454,443018.41,1.0
2024-07-03,6.08,6.11,5.95,5.96,478418,288407.603,1.0
2024-07-04,6.02,6.03,5.73,5.75,589241,344715.722,1.0
2024-07-05,5.73,5.95,5.66,5.85,666685,391005.764,1.0
2024-07-08,5.81,5.82,5.55,5.59,634558,360667.976,1.0
2024-07-09,5.59,5.81,5.47,5.75,665195,377801.193,1.0
2024-07-10,5.69,5.89,5.63,5.67,693833,401191.955,1.0
2024-07-11,5.83,5.86,5.71,5.79,594799,345978.331,1.0
2024-07-12,5.75,5.91,5.69,5.74,544900,317005.087,1.0
2024-07-15,5.7,5.89,5.66,5.74,748202,434867.032,1.0
2024-07-16,5.67,5.74,5.59,5.7,573468,326043.252,1.0
2024-07-17,5.7,5.87,5.66,5.66,633999,367107.519,1.0
2024-07-18,5.56,5.59,5.44,5.56,617081,341748.976,1.0
2024-07-19,5.53,5.81,5.52,5.72,719211,410399.491,1.0
2024-07-22,5.72,6.02,5.72,5.98,1020446,608008.9,1.0
2024-07-23,5.95,6.23,5.9,6.0,1081341,658913.767,1.0
2024-07-24,5.99,6.37,5.99,6.14,1082731,671215.874,1.0
2024-07-25,5.94,5.96,5.69,5.88,960639,562722.091,1.0
2024-07-26,5.86,6.12,5.82,6.0,1040590,624635.089,1.0
2024-07-29,5.97,5.98,5.68,5.76,849671,492052.227,1.0
2024-07-30,5.75,5.86,5.66,5.69,667407,386045.557,1.0
2024-07-31,5.69,6.07,5.69,6.07,1135639,682077.827,1.0
2024-08-01,6.02,6.07,5.93,5.97,634630,381474.896,1.0
2024-08-02,5.89,6.08,5.78,5.79,752884,449361.13,1.0
2024-08-05,5.77,6.05,5.7,5.72,886214,522994.688,1.0
2024-08-06,5.86,5.91,5.74,5.85,645085,377273.741,1.0
2024-08-07,5.79,5.82,5.72,5.73,537440,310985.962,1.0
2024-08-08,5.68,5.77,5.45,5.71,785637,443342.463,1.0
2024-08-09,5.71,5.73,5.49,5.49,545263,306511.098,1.0
2024-08-12,5.48,5.49,5.24,5.28,629251,337111.459,1.0
2024-08-13,5.27,5.32,5.18,5.31,396636,209278.582,1.0
2024-08-14,5.3,5.41,5.23,5.32,522150,280029.638,1.0
2024-08-15,5.27,5.7,5.24,5.51,967905,536990.037,1.0
2024-08-16,5.49,5.53,5.37,5.38,521371,284845.298,1.0
2024-08-19,5.37,5.51,5.35,5.41,421652,230529.995,1.0
2024-08-20,5.38,5.54,5.32,5.41,590017,321259.258,1.0
2024-08-21,5.37,5.47,5.24,5.25,469525,251872.534,1.0
2024-08-22,5.24,5.33,5.06,5.08,509116,263562.874,1.0
2024-08-23,5.08,5.11,4.99,5.07,352790,179628.108,1.0
2024-08-26,5.07,5.13,4.99,5.07,322184,164284.099,1.0
2024-08-27,5.06,5.08,4.93,4.94,320534,160723.312,1.0
2024-08-28,4.94,5.06,4.9,5.04,358435,180298.191,1.0
2024-08-29,4.99,5.11,4.93,5.08,357723,180969.091,1.0
2024-08-30,5.08,5.37,5.05,5.28,682480,361760.443,1.0
2024-09-02,5.22,5.28,5.0,5.02,534622,275807.527,1.0
2024-09-03,5.05,5.14,5.01,5.1,329490,168434.757,1.0
2024-09-04,5.03,5.1,5.01,5.03,262486,133474.79,1.0
2024-09-05,5.04,5.22,5.04,5.17,472569,244567.703,1.0
2024-09-06,5.17,5.2,5.02,5.02,312077,159408.416,1.0
2024-09-09,4.99,5.07,4.96,5.04,249395,125954.366,1.0
2024-09-10,5.05,5.1,4.9,5.09,381904,191843.014,1.0
2024-09-11,5.05,5.12,5.0,5.05,262247,133140.196,1.0
2024-09-12,5.05,5.2,5.01,5.01,364437,186543.917,1.0
2024-09-13,5.03,5.07,4.95,4.95,303747,152661.076,1.0
2024-09-18,4.96,4.97,4.77,4.85,352890,172334.465,1.0
2024-09-19,4.87,5.06,4.87,5.01,439226,220089.249,1.0
2024-09-20,5.01,5.02,4.9,4.97,290463,144865.164,1.0
2024-09-23,4.95,5.04,4.92,4.97,278734,139977.665,1.0
2024-09-24,5.01,5.2,4.95,5.2,693358,355736.8,1.0
2024-09-25,5.28,5.72,5.27,5.47,1257235,696700.14,1.0
2024-09-26,5.48,5.64,5.39,5.63,879749,487696.15,1.0
2024-09-27,5.74,6.14,5.66,6.01,1152698,682800.116,1.0
2024-09-30,6.27,7.03,6.17,6.98,1904743,1262580.198,1.0
2024-10-08,8.1,8.17,6.99,7.92,2246041,1729135.525,1.0
2024-10-09,7.47,7.47,6.52,6.53,1683611,1180327.077,1.0
2024-10-10,6.68,6.95,6.39,6.5,1091856,728993.884,1.0
2024-10-11,6.4,6.43,5.87,6.0,1120816,691737.132,1.0
2024-10-14,6.04,6.24,5.88,6.22,866981,530194.892,1.0
2024-10-15,6.2,6.63,6.06,6.24,1325896,848596.393,1.0
2024-10-16,6.02,6.35,6.02,6.21,749798,469498.645,1.0
2024-10-17,6.25,6.69,6.25,6.43,1356627,880320.384,1.0
2024-10-18,6.44,6.84,6.28,6.63,1389492,915218.476,1.0
2024-10-21,6.58,7.25,6.57,7.09,1887700,1326586.081,1.0
2024-10-22,7.15,8.51,7.13,7.87,3989288,3180793.255,1.0
2024-10-23,7.51,7.62,7.13,7.17,2606145,1916374.262,1.0
2024-10-24,7.12,7.41,6.95,7.16,1601213,1153289.78,1.0
2024-10-25,7.13,7.7,7.09,7.62,2000369,1498152.781,1.0
2024-10-28,8.49,9.15,7.81,8.88,3904448,3371661.296,1.0
2024-10-29,8.98,9.37,8.08,8.12,3832866,3296026.305,1.0
2024-10-30,8.17,8.41,7.74,7.94,2416615,1959305.606,1.0
2024-10-31,7.75,8.43,7.74,8.42,2576411,2103148.722,1.0
2024-11-01,8.25,8.32,7.42,7.46,2041264,1590566.004,1.0
2024-11-04,7.62,7.68,7.43,7.6,969690,734214.022,1.0
2024-11-05,7.61,8.13,7.52,8.03,1496031,1179471.843,1.0
2024-11-06,7.95,8.3,7.89,8.06,1733886,1410796.574,1.0
2024-11-07,7.89,8.24,7.82,8.2,1445439,1171342.564,1.0
2024-11-08,8.21,8.51,7.94,8.02,1512740,1248642.551,1.0
2024-11-11,7.94,8.6,7.87,8.57,1971097,1654563.484,1.0
2024-11-12,8.53,8.77,8.17,8.31,1493070,1267859.866,1.0
2024-11-13,8.23,8.72,8.23,8.45,1387838,1182033.451,1.0
2024-11-14,8.55,8.91,8.07,8.15,1221449,1042952.443,1.0
2024-11-15,8.19,8.85,8.09,8.18,1801830,1537692.413,1.0
2024-11-18,8.26,8.3,7.13,7.23,1747413,1302693.663,1.0
2024-11-19,7.22,7.34,7.03,7.32,1120733,807762.664,1.0
2024-11-20,7.27,7.89,7.22,7.68,1321913,1006272.808,1.0
2024-11-21,7.58,8.0,7.54,7.7,1123273,872088.819,1.0
2024-11-22,7.65,8.03,7.36,7.44,1420750,1106681.421,1.0
2024-11-25,7.56,7.66,7.1,7.53,1161863,857465.858,1.0
2024-11-26,7.77,8.29,7.69,7.88,2199762,1760371.495,1.0
2024-11-27,7.47,8.27,7.25,8.23,2097185,1640360.927,1.0
2024-11-28,8.16,8.46,7.8,7.85,1843801,1498669.695,1.0
2024-11-29,7.87,8.4,7.68,8.21,1805402,1460501.548,1.0
2024-12-02,8.11,8.44,8.1,8.19,1644600,1362333.083,1.0
2024-12-03,8.13,8.25,7.92,8.03,1153928,933736.552,1.0
2024-12-04,8.03,8.08,7.58,7.64,1079339,841068.91,1.0
2024-12-05,7.72,8.51,7.72,8.33,2277600,1894760.264,1.0
2024-12-06,8.34,8.75,8.21,8.66,2369564,2018672.072,1.0
2024-12-09,8.77,8.81,8.32,8.57,1523677,1306481.296,1.0
2024-12-10,8.57,9.1,8.57,8.69,2356702,2095661.136,1.0
2024-12-11,8.57,8.94,8.45,8.77,1691953,1481324.588,1.0
2024-12-12,8.87,8.93,8.44,8.64,1391068,1207487.985,1.0
2024-12-13,8.53,9.76,8.47,9.26,3193934,2910406.46,1.0
2024-12-16,9.22,9.95,8.64,9.32,2803496,2542727.818,1.0
2024-12-17,8.96,8.99,8.32,8.33,1646802,1423029.293,1.0
2024-12-18,8.32,8.77,8.16,8.43,1234009,1050885.657,1.0
2024-12-19,8.26,8.59,8.01,8.43,1228683,1020053.717,1.0
2024-12-20,8.37,8.55,8.3,8.51,1027108,870759.876,1.0
2024-12-23,8.42,8.43,7.75,7.85,1196060,957895.598,1.0
2024-12-24,7.91,7.95,7.61,7.84,703589,547996.639,1.0
2024-12-25,7.78,7.8,7.38,7.57,774043,587090.786,1.0
2024-12-26,7.59,7.69,7.47,7.49,665631,507565.386,1.0
2024-12-27,7.51,7.68,7.42,7.53,609598,464463.349,1.0
2024-12-30,7.53,7.67,7.27,7.58,550452,416055.953,1.0
2024-12-31,7.58,7.66,7.19,7.19,620947,460190.139,1.0
2025-01-02,7.27,7.34,6.88,7.02,679929,487547.613,1.0
2025-01-03,7.06,7.1,6.54,6.59,843105,571696.867,1.0
2025-01-06,6.57,6.65,6.37,6.43,629992,411077.187,1.0
2025-01-07,6.45,6.6,6.41,6.59,586361,383764.865,1.0
2025-01-08,6.58,6.63,6.27,6.57,800828,520986.864,1.0
2025-01-09,6.52,6.81,6.5,6.7,764709,513329.526,1.0
2025-01-10,6.7,6.92,6.39,6.42,895735,599898.419,1.0
2025-01-13,6.27,6.48,6.17,6.39,561845,357862.125,1.0
2025-01-14,6.49,6.93,6.44,6.91,1035684,701397.615,1.0
2025-01-15,6.9,7.14,6.88,6.92,1043832,733981.261,1.0
2025-01-16,6.97,7.22,6.89,6.94,832700,588794.944,1.0
2025-01-17,6.88,7.02,6.82,6.88,545948,379786.045,1.0
2025-01-20,7.02,7.2,6.94,7.01,876390,622244.844,1.0
2025-01-21,7.07,7.17,6.89,7.13,785056,556000.736,1.0
2025-01-22,7.06,7.08,6.93,6.94,565473,397024.91,1.0
2025-01-23,7.07,7.24,6.99,7.01,806186,576897.284,1.0
2025-01-24,7.09,7.33,6.99,7.32,1100009,798062.626,1.0
2025-01-27,7.42,7.66,7.29,7.52,1313205,985174.821,1.0
2025-02-05,7.63,7.8,7.49,7.62,1359218,1040256.315,1.0
2025-02-06,7.51,7.64,7.33,7.64,1180728,892318.318,1.0
2025-02-07,7.57,7.79,7.45,7.57,1342570,1023864.752,1.0
2025-02-10,7.57,8.02,7.54,8.01,1656809,1301888.624,1.0
2025-02-11,7.92,8.0,7.71,7.88,1344868,1057566.767,1.0
2025-02-12,7.81,8.26,7.78,8.13,1741836,1420486.077,1.0
2025-02-13,8.22,9.75,8.13,9.1,4060988,3649841.062,1.0
2025-02-14,9.27,10.5,8.73,9.85,4011550,3764631.196,1.0
2025-02-17,9.92,10.13,8.59,8.69,3449056,3133802.121,1.0
2025-02-18,9.16,9.32,8.15,8.24,2954687,2565284.345,1.0
2025-02-19,8.18,8.71,8.14,8.54,2245900,1897353.674,1.0
2025-02-20,8.49,8.63,8.27,8.32,1581033,1330579.35,1.0
2025-02-21,8.44,8.95,8.42,8.71,2228822,1940367.898,1.0
2025-02-24,8.77,8.85,8.37,8.45,1716266,1475573.407,1.0
2025-02-25,8.19,8.32,8.09,8.13,1353256,1112157.687,1.0
2025-02-26,8.34,8.45,8.14,8.21,1203696,997736.948,1.0
2025-02-27,8.18,8.28,7.84,7.99,1253524,1009357.538,1.0
2025-02-28,7.92,8.02,7.48,7.52,1084527,840983.602,1.0
2025-03-03,7.53,7.67,7.41,7.51,678750,515715.711,1.0
2025-03-04,7.46,7.77,7.4,7.71,800570,611811.113,1.0
2025-03-05,7.77,8.02,7.58,7.72,850056,661812.417,1.0
2025-03-06,7.9,8.32,7.9,8.25,1797067,1463451.233,1.0
2025-03-07,8.2,8.26,7.93,8.0,1052128,852543.111,1.0
2025-03-10,8.01,8.01,7.8,7.91,636434,501813.679,1.0
2025-03-11,7.76,7.96,7.71,7.94,626176,493628.06,1.0
2025-03-12,8.18,8.42,8.07,8.14,1457064,1201770.106,1.0
2025-03-13,8.15,8.17,7.73,7.84,991121,783239.131,1.0
2025-03-14,7.82,8.09,7.75,8.03,875217,696595.441,1.0
2025-03-17,8.05,8.09,7.9,8.01,680240,544719.567,1.0
2025-03-18,8.0,8.19,7.98,8.03,686076,553844.896,1.0
2025-03-19,8.0,8.01,7.75,7.81,661061,519696.48,1.0
2025-03-20,7.79,7.88,7.7,7.71,530036,412992.728,1.0
2025-03-21,7.67,7.71,7.47,7.48,607059,460325.849,1.0
2025-03-24,7.5,7.53,7.2,7.38,584694,429685.349,1.0
2025-03-25,7.36,7.38,7.17,7.22,461590,334894.42,1.0
2025-03-26,7.21,7.32,7.19,7.26,368141,268057.364,1.0
2025-03-27,7.21,7.32,7.12,7.23,355643,257712.03,1.0
2025-03-28,7.25,7.8,7.23,7.45,1203422,902118.033,1.0
2025-03-31,7.32,7.69,7.1,7.67,1120809,820930.608,1.0
2025-04-01,7.51,7.64,7.38,7.41,876230,656921.442,1.0
2025-04-02,7.34,7.56,7.32,7.42,485984,362677.396,1.0
2025-04-03,7.25,7.47,7.25,7.33,482770,356128.421,1.0
2025-04-07,6.87,6.95,5.86,6.0,1210810,771579.592,1.0
2025-04-08,6.16,6.48,6.16,6.35,1017090,645162.987,1.0
2025-04-09,6.25,6.7,5.9,6.63,977328,622210.121,1.0
2025-04-10,6.74,6.97,6.69,6.79,881617,604422.472,1.0
2025-04-11,6.86,7.05,6.7,6.72,858268,586688.027,1.0
2025-04-14,6.79,6.86,6.73,6.78,591934,402832.342,1.0
2025-04-15,7.12,7.21,6.78,6.84,859043,595070.736,1.0
2025-04-16,6.69,6.84,6.6,6.71,580624,389952.779,1.0
2025-04-17,6.63,6.82,6.61,6.73,421994,284572.203,1.0
2025-04-18,6.94,7.02,6.79,6.87,716985,494336.736,1.0
2025-04-21,6.86,7.14,6.76,7.14,784353,552048.397,1.0
2025-04-22,7.06,7.1,7.01,7.04,525065,370313.85,1.0
2025-04-23,7.12,7.14,6.99,7.01,570378,402611.398,1.0
2025-04-24,7.03,7.03,6.83,6.89,466575,323351.528,1.0
2025-04-25,6.93,7.04,6.93,6.97,425873,297998.306,1.0
2025-04-28,6.96,7.12,6.9,6.98,520760,365736.778,1.0
2025-04-29,6.96,7.16,6.89,7.1,594588,421553.667,1.0
2025-04-30,7.1,7.24,7.09,7.19,569946,410299.918,1.0
2025-05-06,7.24,7.34,7.15,7.34,713404,519308.467,1.0
2025-05-07,7.4,7.44,7.13,7.22,689983,501271.09,1.0
2025-05-08,7.2,7.32,7.17,7.26,551081,400576.577,1.0
2025-05-09,7.27,7.27,7.04,7.05,520137,369654.347,1.0
2025-05-12,7.12,7.14,7.06,7.13,388271,275934.554,1.0
2025-05-13,7.19,7.27,7.09,7.11,428105,307193.917,1.0
2025-05-14,7.1,7.21,7.04,7.12,402798,286813.977,1.0
2025-05-15,6.96,6.96,6.64,6.67,973609,656577.311,1.0
2025-05-16,6.64,6.74,6.62,6.68,298636,200357.906,1.0
2025-05-19,6.66,6.75,6.58,6.74,340520,227725.158,1.0
2025-05-20,6.71,6.94,6.67,6.87,432723,296047.126,1.0
2025-05-21,6.84,6.86,6.76,6.81,265689,180965.86,1.0
2025-05-22,6.78,6.88,6.7,6.75,340844,231639.96,1.0
2025-05-23,6.74,6.78,6.58,6.58,364709,244260.762,1.0
2025-05-26,6.62,6.84,6.62,6.81,443016,300088.07,1.0
2025-05-27,6.79,6.79,6.68,6.72,268813,181053.645,1.0
2025-05-28,6.75,6.77,6.62,6.67,348372,232419.665,1.0
2025-05-29,6.66,6.83,6.65,6.83,399718,270941.946,1.0
2025-05-30,6.83,6.95,6.75,6.76,419995,286895.822,1.0
2025-06-03,6.7,6.9,6.64,6.82,370289,253106.553,1.0
2025-06-04,6.88,7.06,6.83,7.02,557044,388727.264,1.0
2025-06-05,6.98,7.08,6.95,7.04,465785,326679.846,1.0
2025-06-06,7.0,7.04,6.92,6.94,304398,211536.0,1.0
2025-06-09,6.96,7.07,6.95,7.07,403885,284002.527,1.0
2025-06-10,7.08,7.28,7.02,7.25,963709,690389.013,1.0
2025-06-11,7.23,7.44,7.2,7.4,1105374,811721.278,1.0
2025-06-12,7.32,7.62,7.26,7.52,1196284,896491.641,1.0
2025-06-13,7.4,7.48,7.15,7.21,852547,619690.451,1.0
2025-06-16,7.21,7.53,7.17,7.39,892730,659104.857,1.0
2025-06-17,7.38,7.42,7.18,7.23,621797,451551.49,1.0
2025-06-18,7.19,7.23,7.1,7.16,389716,278626.337,1.0
2025-06-19,7.14,7.35,7.08,7.27,823806,595763.989,1.0
2025-06-20,7.25,7.31,6.97,6.98,634728,449306.076,1.0
2025-06-23,6.97,7.3,6.94,7.21,625659,445995.748,1.0
2025-06-24,7.53,7.64,7.32,7.43,1060141,791320.577,1.0
2025-06-25,7.45,7.54,7.35,7.48,764001,567972.756,1.0
2025-06-26,7.45,7.56,7.39,7.42,621330,464598.848,1.0
2025-06-27,7.43,7.48,7.36,7.38,485587,360071.95,1.0
2025-06-30,7.57,7.67,7.48,7.51,642072,484484.423,1.0
2025-07-01,7.53,7.69,7.41,7.54,656612,494406.407,1.0
2025-07-02,7.52,7.74,7.45,7.51,728773,552848.734,1.0
2025-07-03,7.51,7.64,7.43,7.52,463138,348343.674,1.0
2025-07-04,7.5,7.58,7.43,7.48,551284,414192.64,1.0
2025-07-07,7.45,7.55,7.4,7.42,391398,291935.231,1.0
2025-07-08,7.42,7.58,7.38,7.58,540174,406287.226,1.0
2025-07-09,7.58,7.91,7.55,7.76,1086312,841115.773,1.0
2025-07-10,7.73,7.87,7.64,7.76,670161,518857.131,1.0
2025-07-11,7.74,7.78,7.6,7.7,571177,438419.863,1.0
2025-07-14,7.81,7.94,7.6,7.64,667021,514651.162,1.0
2025-07-15,7.6,7.65,7.41,7.56,662395,497262.808,1.0
2025-07-16,7.55,7.77,7.53,7.59,722595,552841.344,1.0
2025-07-17,7.53,7.86,7.5,7.85,871530,669825.997,1.0
2025-07-18,7.95,8.17,7.79,7.81,1217742,965366.271,1.0
2025-07-21,7.8,7.83,7.68,7.71,669332,517410.277,1.0
2025-07-22,7.68,7.76,7.59,7.65,531728,406595.739,1.0
2025-07-23,7.64,7.68,7.52,7.55,535249,407301.854,1.0
2025-07-24,7.57,7.72,7.54,7.71,560144,428995.27,1.0
2025-07-25,7.71,7.79,7.66,7.71,596359,460402.966,1.0
2025-07-28,7.75,7.83,7.71,7.83,676065,525223.915,1.0
2025-07-29,7.78,7.8,7.57,7.69,720775,550713.664,1.0
2025-07-30,7.64,7.9,7.63,7.73,1121494,870529.218,1.0
2025-07-31,7.68,7.84,7.61,7.66,835059,643268.343,1.0
2025-08-01,7.66,7.83,7.51,7.8,920713,707398.938,1.0
2025-08-04,8.04,8.04,7.67,7.79,870858,678474.821,1.0
2025-08-05,7.76,7.79,7.66,7.73,652738,503338.226,1.0
2025-08-06,7.71,7.83,7.68,7.81,646819,501679.082,1.0
2025-08-07,7.78,7.85,7.73,7.76,457516,355900.762,1.0
2025-08-08,7.76,7.76,7.55,7.56,622595,473997.533,1.0
2025-08-11,7.55,7.67,7.53,7.64,404956,308767.642,1.0
2025-08-12,7.64,7.65,7.55,7.56,386072,293052.963,1.0
2025-08-13,7.57,7.82,7.56,7.78,811635,626181.174,1.0
2025-08-14,7.78,7.8,7.52,7.58,569371,436122.745,1.0
2025-08-15,7.57,7.78,7.55,7.75,597057,458151.514,1.0
2025-08-18,8.19,9.3,8.19,9.3,3980368,3589897.54,1.0
2025-08-19,9.29,9.58,8.84,9.43,3246213,3005736.769,1.0
2025-08-20,9.17,9.24,8.64,8.85,2046183,1813352.276,1.0
2025-08-21,8.99,8.99,8.55,8.65,1304304,1134382.655,1.0
2025-08-22,8.63,8.72,8.61,8.68,971060,841171.039,1.0
2025-08-25,8.72,9.01,8.68,8.98,1633123,1449510.384,1.0
2025-08-26,8.91,9.03,8.81,8.83,1103633,984607.852,1.0
2025-08-27,8.92,9.05,8.66,8.67,1223335,1089585.862,1.0
2025-08-28,8.61,8.7,8.38,8.68,1037551,889635.829,1.0
2025-08-29,8.64,8.88,8.55,8.58,941079,818834.526,1.0
2025-09-01,8.56,8.72,8.55,8.7,692133,598931.813,1.0
2025-09-02,8.72,8.72,8.37,8.44,865044,736465.28,1.0
2025-09-03,8.47,8.64,8.26,8.29,735288,622378.225,1.0
2025-09-04,8.29,8.37,7.98,8.12,730285,599880.047,1.0
2025-09-05,8.18,8.48,8.09,8.4,812251,675832.686,1.0
2025-09-08,8.72,9.38,8.72,9.17,2272439,2049686.47,1.0
2025-09-09,8.85,8.97,8.6,8.66,1535564,1345990.004,1.0
2025-09-10,8.7,9.05,8.57,8.98,1640746,1467515.026,1.0
2025-09-11,8.96,9.0,8.6,8.93,1161827,1026903.504,1.0
2025-09-12,9.01,9.14,8.88,8.98,1201279,1080859.502,1.0
2025-09-15,9.07,9.34,8.86,9.17,1484694,1352470.638,1.0
2025-09-16,9.18,9.28,8.99,9.06,968969,881077.185,1.0
2025-09-17,9.0,9.38,8.94,9.3,1204610,1104622.948,1.0
2025-09-18,9.29,9.32,8.89,8.99,1139873,1040007.106,1.0
2025-09-19,8.96,9.63,8.92,9.47,1895638,1775859.209,1.0
2025-09-22,9.31,9.95,9.29,9.42,1545068,1473038.553,1.0
2025-09-23,9.49,9.55,9.07,9.31,1203879,1114200.951,1.0
2025-09-24,9.32,9.58,9.19,9.39,1132180,1061440.21,1.0
2025-09-25,9.35,9.87,9.32,9.78,1638369,1582368.955,1.0
2025-09-26,9.71,9.77,9.21,9.27,1312565,1230489.743,1.0
2025-09-29,9.01,9.07,8.63,8.8,1268914,1121755.09,1.0
2025-09-30,9.01,9.37,9.01,9.29,1326988,1222290.547,1.0
2025-10-09,8.6,8.62,7.98,8.03,2017296,1636240.345,1.0
2025-10-10,7.94,8.0,7.86,7.88,835319,661530.865,1.0
2025-10-13,7.61,7.82,7.56,7.74,851499,654666.097,1.0
2025-10-14,7.8,7.85,7.52,7.57,748340,576499.385,1.0
2025-10-15,7.6,7.62,7.47,7.62,647924,489147.958,1.0
2025-10-16,7.59,7.59,7.42,7.48,620563,464255.274,1.0
2025-10-17,7.44,7.5,7.24,7.25,558205,410425.145,1.0
2025-10-20,7.32,7.43,7.3,7.34,476967,350816.39,1.0
2025-10-21,7.36,7.42,7.3,7.41,450660,332403.032,1.0
2025-10-22,7.39,7.49,7.34,7.43,411403,306054.529,1.0
2025-10-23,7.41,7.62,7.34,7.6,861413,647470.693,1.0
2025-10-24,7.53,7.6,7.5,7.53,538460,405663.912,1.0
2025-10-27,7.55,7.57,7.45,7.52,484442,363752.3,1.0
2025-10-28,7.54,7.6,7.49,7.56,470750,355535.134,1.0
2025-10-29,7.55,7.56,7.42,7.5,434484,324496.462,1.0
2025-10-30,7.52,7.55,7.4,7.41,434020,324590.007,1.0
2025-10-31,7.41,7.96,7.41,7.68,1370130,1057575.601,1.0
2025-11-03,7.78,7.96,7.71,7.94,1025628,803489.771,1.0
2025-11-04,7.88,7.99,7.75,7.88,711074,559568.248,1.0
2025-11-05,7.8,8.09,7.77,8.03,1100269,877868.331,1.0
2025-11-06,7.97,7.99,7.78,7.89,684333,538702.574,1.0
2025-11-07,7.88,8.1,7.84,7.94,911137,728011.74,1.0
2025-11-10,8.29,8.47,8.1,8.12,1438132,1184846.844,1.0
2025-11-11,8.14,8.17,7.94,8.0,933156,748996.396,1.0
2025-11-12,7.96,8.09,7.85,7.88,546678,433950.788,1.0
2025-11-13,7.86,7.95,7.82,7.9,466632,368537.063,1.0
2025-11-14,7.85,7.91,7.73,7.73,495463,387228.213,1.0
2025-11-17,7.72,7.9,7.66,7.87,529064,413391.186,1.0
2025-11-18,7.83,8.04,7.8,7.98,783772,621678.489,1.0
2025-11-19,7.93,7.94,7.65,7.76,663367,515241.154,1.0
2025-11-20,7.82,7.83,7.61,7.63,406296,312258.127,1.0
2025-11-21,7.57,7.84,7.51,7.65,904627,696220.836,1.0
2025-11-24,7.56,7.92,7.41,7.87,1002160,771453.56,1.0
2025-11-25,7.87,8.07,7.81,7.95,954587,763164.43,1.0
2025-11-26,7.91,8.07,7.78,7.83,654650,517274.091,1.0
2025-11-27,7.78,7.85,7.59,7.61,601290,462758.871,1.0
2025-11-28,7.58,7.78,7.55,7.7,484763,371657.087,1.0
2025-12-01,7.85,7.89,7.66,7.73,623646,483649.735,1.0
2025-12-02,7.66,7.68,7.56,7.59,454120,345070.613,1.0
2025-12-03,7.57,7.59,7.34,7.36,494211,366779.768,1.0
2025-12-04,7.35,7.4,7.29,7.38,285466,210165.323,1.0
2025-12-05,7.34,7.42,7.29,7.41,307418,226221.431,1.0
2025-12-08,7.42,7.6,7.41,7.49,549214,412500.124,1.0
2025-12-09,7.48,7.86,7.47,7.74,1015985,783911.486,1.0
2025-12-10,7.66,7.9,7.64,7.82,782550,609612.466,1.0
2025-12-11,7.85,8.08,7.7,7.74,954197,752423.737,1.0
2025-12-12,7.82,8.1,7.81,8.02,1138940,912061.042,1.0
2025-12-15,7.92,7.97,7.74,7.77,667653,522637.693,1.0
2025-12-16,7.72,7.86,7.55,7.69,572076,438954.4,1.0
2025-12-17,7.68,8.05,7.68,8.0,1058618,837857.915,1.0
2025-12-18,8.06,8.32,8.0,8.13,1274046,1035342.657,1.0
2025-12-19,8.02,8.17,7.9,8.1,924670,742431.957,1.0
2025-12-22,8.15,8.22,8.0,8.06,683459,553205.212,1.0
2025-12-23,8.02,8.13,7.96,8.07,569862,459604.927,1.0
2025-12-24,8.07,8.25,8.03,8.19,778545,633411.013,1.0
2025-12-25,8.13,8.19,8.02,8.15,674314,546822.38,1.0
2025-12-26,8.14,8.33,8.11,8.26,986314,812190.699,1.0
2025-12-29,8.21,8.29,8.01,8.05,949613,771864.477,1.0
2025-12-30,8.02,8.28,7.99,8.09,904076,736656.325,1.0
2025-12-31,8.09,8.51,8.05,8.32,1501324,1251049.586,1.0
2026-01-05,8.21,8.27,8.01,8.26,1551023,1260556.495,1.0
2026-01-06,8.27,8.44,8.22,8.35,1161608,965727.683,1.0
2026-01-07,8.35,8.65,8.3,8.56,1582498,1345236.939,1.0
2026-01-08,8.42,8.68,8.25,8.58,1484841,1263500.559,1.0
2026-01-09,8.51,9.15,8.51,9.06,1937407,1714743.805,1.0
2026-01-12,9.1,10.4,9.04,10.36,2872276,2784675.475,1.0
2026-01-13,10.23,10.23,9.6,9.64,2391560,2359486.976,1.0
2026-01-14,9.61,10.22,9.55,9.72,2372906,2341359.91,1.0
2026-01-15,9.86,9.89,9.2,9.3,1614649,1521717.709,1.0
2026-01-16,9.3,9.36,8.73,8.9,1220209,1093317.49775,1.0
